0.0
-4.607826475836518e-05
-6.670450766048998e-06
2.1326484881669994e-05
-4.008632935663674e-06
-4.581503564734601e-05
-8.834292278129823e-05
-0.00015260151492375282
-0.00020527343465507068
-0.00016464362642583686
-4.982654897466422e-05
-4.164529529623052e-05
-0.00032704153494641976
-0.0008545735436650262
-0.0013839410419635406
-0.001720836121868316
-0.001806347672373499
-0.0017129065676993135
-0.001580041339584326
-0.0015010358263013745
-0.0015291129564792307
-0.001688924199183923
-0.0019400501346224645
-0.0022013639173287286
-0.0023970756041085954
-0.002489183719367668
-0.00254747388148512
-0.0026189742165258446
-0.002644989263219525
-0.0026008076591681607
-0.002560031505454549
-0.0026331189985652876
-0.002814358535254736
-0.0029539031303971617
-0.0029901419410975523
-0.0030284204386602427
-0.003146980066327358
-0.0032584639085870607
-0.003273782888015895
-0.0032543992844798917
-0.003280013469486054
-0.0033252789189760455
-0.0033053106372324752
-0.0032143311348181705
-0.0031156090115762322
-0.003042603567882473
-0.0029856761392958293
-0.002911967668299042
-0.0028140915568770535
-0.002746245671750249
-0.0027789447161564408
-0.0029035215621196087
-0.0030605566872745544
-0.003291570223442882
-0.0035967108167866
-0.0038270890786310475
-0.0038604493970230357
-0.0037340682488575475
-0.0036139176750093673
-0.003648067448239652
-0.003826017503260066
-0.0040141360571035525
-0.004080366759930574
-0.004048586789409199
-0.004054206097223478
-0.004141452467130961
-0.0042527103310840255
-0.004325584400446625
-0.004330748812944811
-0.004320073607006946
-0.004312281209505803
-0.0042378258980005174
-0.004118125545070721
-0.0040795345742280255
-0.0041604532290221465
-0.004275065331642674
-0.004350534783351964
-0.004392855314054767
-0.004438874143779026
-0.00451846977828676
-0.004603961856177872
-0.004652751340781143
-0.004664132501243254
-0.004668904377688592
-0.004714147991934866
-0.004844946800541477
-0.005033675703109799
-0.005219515011412577
-0.005390885517962745
-0.005537290835982729
-0.005661738818481076
-0.005749639823891978
-0.005732577471700364
-0.005580337896149942
-0.005329864112524294
-0.005040097074482055
-0.004794766191395267
-0.004659823345071193
-0.004622669343569308
-0.004628216912924291
-0.0046002453378480475
-0.0045377445851569834
-0.004514483698595121
-0.004533014539608663
-0.004538988205745763
-0.004516497147042777
-0.004453632802285266
-0.004318726687241141
-0.004128162098855963
-0.003932164793675543
-0.003739471408752808
-0.003514223650360987
-0.003239062568001709
-0.002918711395171226
-0.002545787983322289
-0.0021367865626218162
-0.0017233173228185718
-0.0012743697362709275
-0.0007653300198425928
-0.0002908149946528084
5.2241031518409285e-05
0.00028894745046840624
0.0005186491897975027
0.0008117708601049111
0.0011491635425382467
0.0014662771871313525
0.001689730466798802
0.0017872514168773457
0.001827097641835087
0.001904483319173845
0.002015388362552466
0.0020326345893237345
0.001883259879223342
0.0017022579347680848
0.0016016273566882234
0.0015174331814097226
0.0014231794109966817
0.0014172804539603738
0.0015627847082133575
0.0017722680406828703
0.0018964863800093254
0.0019073931865936963
0.0019060893739379857
0.0019835023870134185
0.002154705255274681
0.002361225346793433
0.0025569975690525075
0.002757037847895668
0.0029294610190585125
0.003026294095447322
0.0031245147019188283
0.0032697591720832193
0.0033983077739138255
0.003449595861407422
0.0034368592574785094
0.003420357321253898
0.003492800143638455
0.0037223135556311484
0.004110384286280327
0.004542519300001511
0.004859285562604696
0.005108724094896572
0.0054728219221131915
0.005995150513944264
0.006609565223199978
0.007217629420247312
0.007715943918922189
0.008027860038785346
0.008149202066572096
0.008113934711107254
0.007993112315403497
0.007913636981308682
0.007963886719828955
0.008078479582821742
0.008148501431179591
0.008167328769770462
0.008125966187279293
0.00801768939072403
0.007911524881127919
0.00788556478141825
0.007943280174161411
0.008077077873022965
0.00831269967682587
0.008647886533329029
0.00905596076469083
0.009487952360769108
0.009914093085097952
0.010359326650129126
0.010827779005684228
0.011274049918879847
0.011628942307603378
0.01178805597875997
0.01173392671956115
0.011646187670172205
0.011709899926873197
0.011947053819894216
0.012324038006187234
0.012806174913668334
0.01334225718242349
0.013927582931499868
0.014599740400109524
0.01534589459531443
0.01609785208698567
0.01677185866441575
0.017323043029147264
0.0177739189536487
0.018162822116594972
0.01849715675375913
0.01874695823401037
0.018917631912994358
0.019106855274732343
0.019420288734430635
0.01980615561297118
0.020146147214916404
0.020409448230380264
0.020627554150895493
0.02081419707342227
0.021048135346976752
0.021431577219003833
0.021955779050128892
0.022498808466715335
0.022925114223584578
0.02319375548387517
0.023432384608580836
0.02374926983621369
0.024137751878495615
0.02454241202427416
0.024867595646622793
0.025072251282377275
0.02521503399349343
0.025417942146089084
0.025722589737263202
0.026087576197370912
0.026475427348157124
0.026873013612665416
0.027269041352184248
0.027643767313355442
0.02799544383912395
0.028302806057518514
0.02853113566500834
0.02864482314588461
0.028650313871545072
0.028690700482128066
0.02893055217529186
0.02933689735522413
0.029762529167169916
0.03012976646215046
0.030462835090149888
0.030809310006323292
0.031222830759833623
0.03168446349453844
0.03211820261645414
0.032551637069184576
0.03303804877233464
0.033533523366689265
0.03390296573903673
0.034045991028600876
0.0340342744046843
0.0340483483626747
0.03421359055512836
0.03448337291237003
0.03467183982051207
0.034675423612432116
0.03459255830576224
0.03457282129217195
0.034699704763108574
0.034964480896492074
0.03525823187872507
0.03548290070858792
0.03566310522310309
0.03587020819133494
0.03608959527730074
0.03624079091281761
0.03629456912365276
0.036294844042511085
0.03631507307928599
0.03640302489123407
0.03655193384664244
0.03674503144491888
0.03700656671340963
0.03737638913857705
0.03783930615840651
0.03828929410240174
0.03859839785200125
0.03873860489973105
0.03878648339502701
0.03879378393480447
0.03874709967836061
0.038663304296340996
0.038597420232961456
0.038590483605092755
0.03865925757964128
0.038812501961478243
0.03901892722991003
0.03925580785932708
0.03952368885846079
0.0397920681684939
0.0400912483632943
0.040480285344931054
0.0408932023952779
0.04121777008738217
0.04141779081736085
0.041529581846335144
0.041649710054301764
0.04184763532506991
0.0421390639101206
0.04250237158113909
0.042895735655766515
0.04328045985890183
0.043622176430714844
0.043866164923980766
0.04401281085617269
0.04417056443417345
0.04440524331244303
0.04465004912748283
0.04483311806339244
0.044972647686772366
0.045089337854774654
0.04515868706703235
0.0451950985265206
0.04526278343428481
0.04539685092708253
0.04554767456792187
0.04558801653818781
0.045455554882628174
0.04522600364585649
0.045075269285421014
0.04511022843253464
0.04528526483817849
0.04551005541525528
0.04578129481830412
0.046096402682884945
0.046352559968589044
0.04645085539003208
0.046426216028005104
0.04640812852924014
0.04649007174097314
0.046628662374879504
0.046739967900833145
0.04683906084202669
0.046952017256631576
0.04705799477754204
0.04712562869857082
0.04710510044596026
0.04694937718286912
0.04669245609308641
0.04646484022878805
0.046337474432813316
0.046255466539518036
0.04619382539500391
0.04620903287958809
0.046289342944378475
0.04633239698744704
0.046295351878521795
0.046217234641241466
0.04614541016038646
0.046056426791436816
0.04596300766305657
0.04593400220885033
0.04593251207193767
0.045897807286624084
0.04588738169763463
0.04595913436038125
0.046115228255710086
0.0463080607343846
0.04649799130819622
0.046657563068822766
0.046716577586387066
0.046635340283600536
0.04646339072698569
0.04633140428300524
0.046347029899922225
0.04647103064453839
0.04653261573713671
0.046403858788848895
0.046155063113415884
0.04596194294079463
0.04588819003815948
0.04589742711722866
0.04593333998471317
0.045943818604487374
0.045910181374705546
0.04582107390122997
0.04571332578410192
0.04565396372299814
0.045642418135125706
0.045606206673577336
0.04549775841575117
0.04532494734863366
0.045139183548912755
0.044988087645699275
0.04486926791204393
0.044751894392896875
0.04465271351522351
0.044567922179002746
0.04448397213227993
0.044448304872745
0.044518862224883556
0.04465004711547293
0.04474603456455756
0.04477511076587833
0.044755668571175806
0.044680633910396554
0.04454587211039914
0.044350931165714196
0.044088855223465624
0.0437386865285769
0.04330523926201009
0.04287057694282805
0.042539104124597854
0.04232938986485648
0.042185292200577956
0.04208792215998787
0.0420590127239989
0.042087331910320123
0.042138041600235786
0.042156060505004214
0.04208336241915614
0.041896607942362586
0.0415959437092652
0.041190682430859854
0.04067817716731462
0.04010938928820546
0.039595378831387515
0.03921571275244086
0.038973414699450246
0.03881950992392121
0.03869154257759385
0.03854619900465052
0.038444155007684416
0.03849013341690506
0.03864376710469599
0.03878273148064653
0.03890755976157259
0.0390790707275816
0.03930082004270824
0.03953039443154846
0.03967566672883773
0.039680704271774975
0.03957674280383856
0.039397250718323396
0.03917618552801536
0.03893289979356824
0.038672140962139924
0.03839677171404145
0.038082724993794136
0.037740648246727265
0.037422831774618845
0.037134691009797986
0.03686998833442744
0.03665008828750649
0.03645589718653175
0.036260809076120594
0.03606533578114632
0.03583980562462574
0.03555074702455953
0.035260541465158494
0.0350940808249659
0.03508201250450023
0.03508844452207806
0.03495180822855476
0.034653671448122605
0.0342881364036559
0.033922614889349154
0.03357965628878515
0.033246308710503575
0.03288200858297197
0.03244621862498467
0.03194924088609638
0.03146972095177451
0.03103646012697387
0.030633272884091768
0.030261331262102596
0.029933460668436402
0.029656799665710387
0.02938299429038898
0.029089292953030914
0.028846811453502225
0.028680698755497006
0.02854282790777702
0.02838551027936732
0.028188710680699242
0.027976312912585063
0.02783250505262461
0.027815308267958493
0.027825854452653634
0.027741701903359256
0.02759372822691806
0.027447364043391518
0.02731613779642715
0.02719222304757338
0.027055240391807046
0.026927387771687256
0.02687330212590328
0.026904442304588067
0.02694659673851803
0.026915202265139642
0.026777472193925695
0.02654018128139481
0.026247411655823644
0.025949542043510607
0.02566439632019497
0.025381436798189255
0.025044440591877198
0.024581976890386593
0.024025872518478094
0.023489356357372634
0.02303604638438472
0.022655827490503447
0.02231884075692623
0.022044280998262326
0.021857529381707028
0.02171215347612285
0.021524651234982376
0.02123399216520056
0.020812737816112613
0.02031546098584938
0.01986402062047838
0.019537483716896262
0.01933673583301669
0.0192346868509686
0.019175877149505666
0.019064908981534723
0.018790687587330393
0.01831222475062809
0.017710299017582823
0.017076367789478752
0.016489037579099555
0.016019988464509857
0.015684895747143202
0.015429267974984614
0.015155548345289878
0.014770762429570912
0.014286083075667979
0.013847371100752461
0.01361085187884551
0.013600757376428964
0.013734004828480452
0.01391337060797742
0.014026919608057417
0.013984426269568683
0.013781987464484441
0.013477021646841919
0.013121605676102918
0.01276406338626183
0.01241966048316675
0.012080007731754216
0.011727789696527812
0.011335197380403911
0.010926847303454432
0.010573491251666583
0.01030185915400614
0.010064594236737221
0.009800314214496293
0.009507621706618454
0.009221273588867863
0.008952752179434855
0.008679441190444934
0.008335571459630277
0.007891216398355116
0.007417912555809247
0.007006641677519604
0.006661777108060526
0.0063389336229765355
0.006025285995248286
0.005718931925456982
0.005435906105188574
0.005194972826786897
0.0049616241910760825
0.004708409880582929
0.004421396530084242
0.004117291543200756
0.00384979599209771
0.003645826126647767
0.0034677939754493257
0.003233617517926921
0.0028986469798969075
0.002484461687909035
0.002019341105544628
0.001532102793831315
0.001064630199990849
0.0006475601822709438
0.00027372565153196385
-8.146047975246243e-05
-0.0004190105391098201
-0.0007220287492180663
-0.0010020164650576535
-0.0013084660260435808
-0.0016575733761384132
-0.0019795625477883683
-0.0022109252146107787
-0.0024145155812455225
-0.0026948777242954453
-0.003069544769869311
-0.0034966539054884253
-0.003937325310359641
-0.004319161330342891
-0.004575194714319842
-0.004735425882585555
-0.00487102835727238
-0.004993599248656407
-0.0051015385297916065
-0.005220732951479506
-0.005300297701923935
-0.005224259792039689
-0.004959516727330384
-0.0046544343587651945
-0.004491778143849503
-0.0045197503829870695
-0.004742659000660863
-0.005150097237537298
-0.005618457343177995
-0.0059826715664160895
-0.006220815825510719
-0.0064632420884399595
-0.006817460058199908
-0.007267412288868784
-0.007730865971681385
-0.008169293224294214
-0.008625682315218068
-0.009157851129565431
-0.009736479721031222
-0.010267553946691788
-0.010707337665426074
-0.011083793059280981
-0.011443687896305295
-0.011807909214776686
-0.012145088926313148
-0.012394871524273075
-0.01258155083583204
-0.012821036696579477
-0.013158888504952332
-0.013556355057218115
-0.01397264822966936
-0.014361074352364271
-0.014695940964247756
-0.015026841212658086
-0.015404933888026119
-0.015800198798647053
-0.016142898884214756
-0.016392257208503052
-0.016571213369016135
-0.016722520153621256
-0.016851394112628867
-0.016955480385268236
-0.01704074904908025
-0.017094709498122602
-0.017142993641655505
-0.01724911134396341
-0.017470600112614705
-0.017787159795287864
-0.018101516983026495
-0.018347558400959963
-0.01854464722959995
-0.01874625884468357
-0.01895980603191244
-0.01916272374289935
-0.019349228907622914
-0.019560477181746125
-0.019831322579906958
-0.02015995280068688
-0.020527725907901587
-0.02089678134001188
-0.021241179125768932
-0.021589489216133986
-0.021980017513024676
-0.02237883790080249
-0.022785968332682472
-0.023241051835259357
-0.023741006541296326
-0.024223316335107773
-0.024624564159367472
-0.02499839126071203
-0.025402754233917465
-0.025780958297478607
-0.02605049483685566
-0.02620556015341765
-0.026297166090922877
-0.026365820344122118
-0.026456657508426254
-0.026619587794690563
-0.02684192623431015
-0.02707412365328191
-0.02730382320449267
-0.027558528548045105
-0.02782394898606235
-0.02802521691929148
-0.02811939960288495
-0.028143772713455514
-0.028169011758157024
-0.028219017086208536
-0.0282611545004961
-0.028216755709916098
-0.028059013340634358
-0.027893762297858195
-0.027872696305523664
-0.028060020958206512
-0.028367565649132533
-0.028668642655456805
-0.028946845247590863
-0.02919355574095844
-0.029372771706636467
-0.029488586728577237
-0.029544477295759604
-0.029526950316856714
-0.029485989710029255
-0.029541658855099143
-0.029749815219954862
-0.029984275768824745
-0.030114587965782286
-0.030153805389156928
-0.030207718980414706
-0.03034520649141985
-0.030513434362646967
-0.030621787555423344
-0.0306202984021208
-0.030484909536284466
-0.030267329205269616
-0.030065993510233403
-0.029929530625674484
-0.029848730094264045
-0.02981009404575195
-0.029802339676065992
-0.02979106728388478
-0.029767863257188946
-0.029770737301691202
-0.029828148112764546
-0.029902133331103677
-0.029945786274190127
-0.029963392162024878
-0.02995537883945218
-0.029905868223545577
-0.029834028697414333
-0.029748871589241624
-0.029626427765288538
-0.029503866087476575
-0.029469721612627654
-0.029555055912730503
-0.02965147513010161
-0.02963377197935907
-0.02959692440000127
-0.029717707668164877
-0.030017583322134875
-0.0302915028054453
-0.030374438756257012
-0.030341408883366987
-0.030336208011760568
-0.03038302447250359
-0.030423653245698005
-0.030470201072405164
-0.03055617406804306
-0.03061082624578826
-0.03054988809192968
-0.030376112761777367
-0.030192693259182526
-0.030127643754103647
-0.030215954342377973
-0.030368185956532335
-0.03043376293870142
-0.030347759491584192
-0.030189320339705842
-0.030012944534920944
-0.029832810101128707
-0.0297075633380229
-0.029693972160381284
-0.029694963536023307
-0.029585077109235507
-0.02938225482679924
-0.029138613141222236
-0.028878893570699966
-0.02859662891990994
-0.028285883725343294
-0.02804168446578949
-0.02794397744631071
-0.027918971161434315
-0.027886687544957996
-0.027875299865050853
-0.027910992737628575
-0.02793368091045345
-0.02790145661936118
-0.02781144261401142
-0.0276702896953319
-0.02749278646744463
-0.02730526181136652
-0.0271137201714756
-0.02689718909090516
-0.02666962929612865
-0.026486163407391593
-0.026379306671345606
-0.02636464587805033
-0.026387320265682475
-0.02632781646772107
-0.026166134998059157
-0.025987456507532692
-0.025893482752956415
-0.02587651099921137
-0.0257873204159999
-0.02554706347659334
-0.025237453379664612
-0.024933969172398485
-0.024583344078676093
-0.02411018648042732
-0.023534809421199496
-0.022931012524631762
-0.022388793924512936
-0.02195736314918301
-0.021646699566588073
-0.021445869868570236
-0.021249837980986563
-0.020947527280160933
-0.020504679209036706
-0.019945249148361103
-0.01932003348026348
-0.01871363741372861
-0.018201388196743117
-0.017799087122414965
-0.017479570882517902
-0.01718071590340862
-0.01681824295855083
-0.01632747161213428
-0.015767613078277353
-0.015268376878133127
-0.014902475843356605
-0.014646577342838252
-0.014446163406067218
-0.014233820720543031
-0.01392189197100738
-0.013512835706593715
-0.013102263968058202
-0.01275400715237508
-0.012466818830637343
-0.012227428630044904
-0.012040338470289165
-0.011926127989830362
-0.011838405852417173
-0.011690842730001861
-0.011495111570429211
-0.0113246410386274
-0.011220576026480668
-0.01114834570843676
-0.01105384727092244
-0.010988994785651539
-0.011011645095500028
-0.01103772721853676
-0.010919120629313502
-0.01061748153311865
-0.01022320257153542
-0.00984680546755177
-0.009495220929763591
-0.009103997703220628
-0.008681914993219703
-0.008279038850530492
-0.007903032715525983
-0.007488618920381455
-0.006981158995265269
-0.006417907673114202
-0.005923768687788993
-0.005609094238977489
-0.005448277595672794
-0.005309604804191072
-0.005084202371133688
-0.0047806586806407045
-0.00449174290296593
-0.004252238898403829
-0.004074243055504498
-0.003978120221142131
-0.003934207718722718
-0.0038972471315857644
-0.0038570907165012417
-0.0038033178677236803
-0.003698820647076975
-0.003510977228965867
-0.003268968327242652
-0.0030316136504585987
-0.0028210000962880723
-0.002631945796587354
-0.0024098772988517558
-0.0020274624171918816
-0.0014686220659448266
-0.0008743455806033724
-0.00039662519124253337
-7.679388271648376e-05
0.00013718373687651256
0.0003685744668277049
0.0006930553268119935
0.0010614048328565894
0.0013713888947952065
0.0015742491691908235
0.0016811050583461816
0.001753066594247361
0.0018405361013204217
0.0019594428731405317
0.0021573776375378223
0.0025164670491829035
0.003005026923791026
0.003473150280588136
0.003788215653070695
0.003933324414270874
0.004020604991337087
0.004150225800695981
0.004318172248247769
0.004512913480889336
0.004747366515383751
0.004994409463704622
0.005244137097862531
0.005559280027053637
0.005956780622534038
0.006352550337193579
0.006652251765159057
0.006796237221704209
0.006807097860832426
0.006775637822476603
0.006746139481753383
0.006714557242858672
0.006668678595003547
0.006620068772789039
0.00660559380308071
0.006616402637188053
0.006641579699952017
0.006677189538011668
0.006741988766541938
0.006936919355729128
0.007342932506434804
0.007913718627108964
0.008493633301336411
0.008941665815504965
0.009235286204648098
0.009422555783033873
0.009584036014423362
0.009781646579000063
0.010000481595429284
0.010233128536505941
0.010551786134299393
0.011034496349394957
0.011631939205436223
0.012192390006425613
0.012609633170665461
0.012856912264150387
0.013011365494093945
0.013215910618865997
0.013546821590512324
0.013990392328577928
0.014487025395537862
0.01495903751905209
0.015368756941881027
0.01573577538807261
0.0161195427896913
0.016559425319046545
0.017039251409708203
0.017492783709028185
0.017878183978563316
0.018197473863861613
0.018463131841077063
0.018722475189643022
0.019017068758413906
0.019277638152424247
0.019382434026685928
0.01930454180632334
0.01913828234676283
0.018973735590577155
0.01884566045273997
0.018793330517968554
0.018845443370387037
0.018974874491718294
0.019104463447946637
0.019185682997393035
0.019238989644951566
0.019290354732104248
0.01933546557959855
0.019363971585443007
0.019375275879526553
0.019384207655900012
0.01942827562899647
0.019575764856914413
0.019881715369521123
0.02032196773082298
0.02080758985525495
0.02128994182115344
0.02176314759244668
0.022131328245703102
0.02230577600370956
0.022317878369175738
0.022262444955633655
0.0222289273157521
0.022295931761230996
0.022476482393729496
0.022719790280887442
0.02297750141196324
0.023226873822138994
0.023485797623492108
0.023769328868229977
0.024094881879863903
0.02445537240004146
0.024768747711615736
0.024984041414119494
0.025190304344630578
0.025471356654021747
0.025825331488597395
0.02622540272393053
0.026607201203212166
0.02694316881077063
0.027270603754064173
0.027555963141012576
0.027725710952328834
0.027747140880648457
0.027647187880049308
0.027544697481269687
0.027554381144133618
0.027731157341688017
0.028037907920549523
0.028366312982994423
0.02862324024457397
0.0287622175831825
0.028751216259596635
0.028609734179953956
0.028394519334604688
0.028159664926415095
0.027979158274137876
0.027897878800311755
0.02788236012132569
0.02789315902030795
0.027918353122573267
0.027965477517291778
0.028045019864773733
0.028164717730312396
0.02833630956470975
0.02854294367303129
0.028723519825254545
0.02883935944141647
0.028884748936755925
0.028843683811009428
0.028777571583306478
0.028765188668638968
0.028827819047274494
0.02897913404639767
0.029165324084774142
0.029290938610778573
0.02933094692306269
0.02932469790851778
0.029300584414917376
0.029276173249263834
0.02926814888254141
0.02924631233809633
0.029184862814013886
0.02910788458232753
0.02904062200740621
0.029000261578629047
0.02899319501479243
0.028949867395095228
0.02879786810957215
0.0285563540058257
0.028314879591004226
0.028148939515520166
0.028087252651349672
0.0281261893818196
0.02819453472289782
0.028209634057361408
0.02817853126696975
0.028113749778949964
0.028020453051749775
0.02791181356425533
0.027740569497066436
0.027455110193648533
0.027127917855432754
0.026895587847715507
0.026727439121439458
0.02652941135150904
0.02633077560733088
0.02620776367886999
0.0261546335723852
0.026108731916604552
0.026081427910835706
0.02608212585448099
0.025990721185106466
0.025714747500644855
0.025354455887194566
0.025116255325648467
0.025130257878490162
0.025327174877061417
0.02548369046394939
0.025442844458316287
0.025216291671739593
0.024914823944904622
0.024598636607143516
0.024253772512124024
0.023926485322699618
0.023719970114774856
0.023656301912957946
0.023661853641746514
0.023654119285692676
0.023627119509853488
0.023646603089964073
0.023726834884616167
0.02380707481034335
0.02380921206191039
0.023667571565634298
0.02336149255433215
0.022929195484895786
0.022429962466367692
0.02189491927942451
0.021362345487164924
0.020891172237098896
0.020513730106673164
0.02019603648250895
0.019840953586558345
0.01944168201342435
0.01910805530495727
0.01887963880184811
0.018747029871859746
0.018699455150436375
0.018651576407904488
0.01851398583761992
0.018277252634874563
0.01797479347781016
0.01764042939947924
0.01727636960412514
0.016851172510061765
0.016392361081648557
0.0159764837788452
0.015610051330334725
0.015196890636828768
0.014665951460905758
0.014103171567878499
0.013559936596478894
0.01295243550521662
0.012241494511558752
0.011517458606067748
0.010924328915386049
0.010503386514889967
0.01016180822030595
0.009826571906768227
0.009510041625234694
0.00925646543615191
0.009050225706893405
0.008768414066106964
0.008301727467119083
0.007691364874033555
0.007077548120429923
0.006523739962959373
0.005980555139182012
0.005444043524238125
0.004986851932260792
0.004606246565079691
0.004225654485451373
0.0038138588959998497
0.00342720661526427
0.003159474422475734
0.0030347024243890463
0.0029857263801187427
0.0028973096098780728
0.00266388985354538
0.002260238661832056
0.0017528029468092427
0.0012652191591877113
0.0008951577448206467
0.0006566662212902694
0.0004773789670315215
0.00028450657105838685
8.856917706851618e-05
-0.00012057042516670494
-0.0003608909934128508
-0.0005968672176503232
-0.0008292215482423566
-0.0011064863792730228
-0.0014596408238895797
-0.001883249517777984
-0.0023668345359409457
-0.002875175480106164
-0.0033430958192580754
-0.003725267876638182
-0.004047413853198634
-0.004371127368781716
-0.004728131495095203
-0.005130267995176962
-0.005549767201219199
-0.005893362162800054
-0.006056532684791379
-0.006031335600903895
-0.0059422538706094775
-0.005962163310415444
-0.0062117170587775265
-0.006661652586764399
-0.007161640200392411
-0.007580092780215474
-0.007930651729714185
-0.008357792386415826
-0.00896423887165257
-0.009673237988255394
-0.010241004411787201
-0.010493529252425715
-0.010528125627071538
-0.010548232137964547
-0.010707137504792059
-0.011031674446781995
-0.011442356986808068
-0.011876834448599386
-0.012322355001562138
-0.012786088878625297
-0.013246855848189704
-0.013670264547577114
-0.014079567024174263
-0.014525084793667617
-0.014988230069379839
-0.015402670340296321
-0.01574141829259328
-0.016045561231974877
-0.0163509059370317
-0.01665268501751223
-0.016923078668277105
-0.017143508333746473
-0.017331070763398616
-0.017514985759771038
-0.017690040083883227
-0.01781790419193292
-0.01785719557590029
-0.01783688754587468
-0.01784680129462629
-0.017962063340322777
-0.018196729497057567
-0.018452915837144777
-0.018595136952145666
-0.018624624156146994
-0.018686586220913935
-0.018914444443538583
-0.01929247987110082
-0.019654515088954667
-0.019815524436488118
-0.019697706309852053
-0.019394447059983003
-0.019057759765461077
-0.018795503481330578
-0.018715426645843754
-0.018862932127697997
-0.01913152278637246
-0.01937625344004615
-0.019548715149243837
-0.01965746060779011
-0.019680738940662648
-0.019645604614438386
-0.019641521805121024
-0.019726969153334946
-0.0199111671625566
-0.02022225236772015
-0.020646419928639508
-0.02110912795387989
-0.021568391643216545
-0.021991056538484408
-0.02229193470516222
-0.02246212784514949
-0.02260248078457077
-0.022757051424447335
-0.02288709462413345
-0.022968284961070097
-0.023014015062340343
-0.023066046634119586
-0.023165359282999336
-0.023323833939949794
-0.023515758481252383
-0.023681173841910822
-0.023760669077461303
-0.02377332024111332
-0.023788942231657582
-0.023843622743863375
-0.02391141786898252
-0.023946264282907373
-0.02394771591122507
-0.023950855344367927
-0.023963468639738635
-0.023971772199359233
-0.0239337001775371
-0.023778323561529657
-0.023513682264138996
-0.023270159114841572
-0.023162321776218443
-0.023179671707752356
-0.02325594734314264
-0.02333902082154157
-0.02341896200085257
-0.023533332831390554
-0.02369073030447816
-0.023819049797098858
-0.023854103194785453
-0.02385777150560208
-0.023929361387639268
-0.024063530357523132
-0.024237146955041117
-0.024433652501459815
-0.024604402226056487
-0.02473130871389041
-0.024805716958209177
-0.024783399361799317
-0.024645708890532934
-0.024415781472752817
-0.024189916683554264
-0.024055340309003255
-0.02402466424114595
-0.024064438552814683
-0.02409340309287002
-0.02405734335973946
-0.023956789993998428
-0.02377744709954705
-0.023488044416808934
-0.023117962732529508
-0.02280057347059747
-0.022679748791246665
-0.022757831648257194
-0.022856833321816632
-0.02274477505446473
-0.022367424077313833
-0.021887737158365648
-0.0214773429951513
-0.021175516197639743
-0.020946401841126575
-0.020765400963955984
-0.02058569109778834
-0.020383436763731628
-0.02020089758630935
-0.02009313090021712
-0.020045941928406977
-0.01998890622382205
-0.01991112906801108
-0.01989025165657217
-0.019928109511595963
-0.019907490435718163
-0.0197393585286692
-0.019489829886175997
-0.01929639412746364
-0.019245567678768314
-0.019376439607929802
-0.019615370201689224
-0.01985007980380864
-0.020055436680519706
-0.020246717453592175
-0.020351044065351945
-0.020255479986707736
-0.020001634798117812
-0.019710348366359362
-0.019468108963565767
-0.01933029239323833
-0.019299550919793997
-0.019346588289384643
-0.019440611823070334
-0.019507153417749237
-0.01945482507160852
-0.019267237369643603
-0.019037946849042187
-0.018861836749504368
-0.01875839557561596
-0.01870741507281997
-0.0186899490507856
-0.01862328748263093
-0.01840758568930665
-0.018110245354552898
-0.017870017900646597
-0.017681731829885614
-0.01746006302527093
-0.01718747089692387
-0.016919991010580233
-0.016764890088327686
-0.01670879819850702
-0.016637558787974814
-0.016521909364721133
-0.016388882106672782
-0.016213872351436127
-0.01596977710460584
-0.01571137158899332
-0.015526044817716987
-0.01541210688793518
-0.015302820732264664
-0.015205090675758719
-0.015155663012686995
-0.015114455147582428
-0.015009934502457807
-0.014860616719184953
-0.014722495064682165
-0.014621959255459387
-0.014574296824879842
-0.014557010657966203
-0.014555189229923837
-0.014597825730625985
-0.014710614237419067
-0.014841920545729094
-0.014877326176990667
-0.014762634296956765
-0.01453971309046299
-0.014305390619124541
-0.014122917349476814
-0.013998004792647633
-0.013929088337222558
-0.013890312240213618
-0.013804370123681681
-0.013624932523160724
-0.013375821484027346
-0.013072684586092051
-0.01276153291767548
-0.012525645033047221
-0.012351619157822782
-0.0121221188407981
-0.011779986409277451
-0.011388628821189007
-0.011026943698023216
-0.010743742447360467
-0.010575482384642046
-0.010536210049965829
-0.0105694940240633
-0.010634271683507628
-0.010712386279586901
-0.010766489574095752
-0.010782973302079746
-0.01078174624883871
-0.010795257750956747
-0.010838613227417207
-0.010927833036773076
-0.011029491956174612
-0.011077470591183096
-0.011076232538041094
-0.011115743437133604
-0.011255587591855581
-0.011422469060229168
-0.011484742382685757
-0.011420840074411982
-0.011339687341346919
-0.011348742801364218
-0.011454303133686998
-0.01157548938550057
-0.011624085682349202
-0.011577802918096658
-0.01149318756045659
-0.011377815984570966
-0.01118677102988218
-0.010943477793795358
-0.010706850004148751
-0.01050116264931418
-0.010311046519301745
-0.010034094718225766
-0.009610244106798569
-0.009141714041421979
-0.008784938311954245
-0.00860341452115588
-0.008539373270458952
-0.008487421160789587
-0.008391049372889819
-0.008263925851059431
-0.008154637162498634
-0.008098640419906416
-0.008104385019225406
-0.008116593031511498
-0.00808427093639281
-0.008035449160196334
-0.008004021278161477
-0.00795588297769175
-0.007865481291681676
-0.007739790031775768
-0.007576061790018303
-0.007389698534224618
-0.007240311641506757
-0.007189416207816371
-0.007210703906517136
-0.0072582312645791194
-0.007295331313623595
-0.007239284613706108
-0.006991319941914007
-0.006529107650897013
-0.0059555387375985
-0.005406397787014984
-0.0049623817472267615
-0.004630489212977648
-0.004367369186465561
-0.004130418790584961
-0.003919439277409654
-0.0037599324919592256
-0.003649290493710566
-0.003513775270550213
-0.003244033494409295
-0.0028896410791188158
-0.002649755595846165
-0.00265488079254926
-0.002766171030332752
-0.0027323054997853455
-0.0024746205346342426
-0.0020515406260306172
-0.0015420381119067312
-0.0010319640970774058
-0.0006109381186603639
-0.00029181228411045474
1.9413315416197466e-05
0.00037650912340903464
0.0008095357083690836
0.0013344664776535678
0.0019093496825843968
0.0024603047907256013
0.002938114005025439
0.0033645513498647057
0.003755458562354823
0.004112754936900913
0.0044459658104735005
0.0047333325505133795
0.0049394830115562305
0.005063264510233477
0.0051529037550336046
0.005272570984826968
0.005484930155911042
0.005797202392260128
0.006113509836886527
0.006320874979643323
0.006435945409839698
0.006595173050041318
0.006911180131914069
0.007357091588622208
0.007831193508048503
0.008264615197587727
0.008604267042641512
0.008804714019141919
0.008918169052285778
0.009082819509829636
0.009343120294784941
0.00960617082648997
0.00974862834289875
0.009732383338982237
0.009616955087467927
0.009527522017211623
0.009553792781014677
0.009699527357526142
0.009923826707308396
0.010173532960860009
0.010431179163772666
0.010757538970360879
0.011170177385657325
0.011515243586056857
0.011668194158734803
0.011689451987767005
0.011684669095699065
0.011736048395569541
0.011873747721998165
0.012055891205338455
0.012241818346643143
0.012429729255803565
0.012627244938531306
0.012819363157581871
0.01297343551861459
0.013111345753556256
0.013293358314783623
0.013551282769756538
0.013935787047393204
0.014456484562173256
0.01499391061659861
0.015425126000929715
0.01569766010844616
0.015778126516553654
0.01571072173580699
0.015694920163053256
0.015892725873999827
0.01620468704068363
0.016465377864673468
0.01663753896209663
0.01675743186328629
0.01685910914501554
0.016990392393048438
0.017161739596757205
0.017248016183532253
0.017130045896148152
0.01687677464587687
0.016640777517282893
0.016483801302931443
0.01636155447413921
0.016230652759883505
0.016098081561927057
0.015962511131799324
0.015811047697985744
0.015612385100995182
0.015358737609638132
0.015131011102562401
0.015026728198066476
0.015083836137701626
0.015273575541367712
0.015444203632756786
0.015508542852591099
0.015526765901882733
0.015594128721055395
0.015740797204722944
0.015917936239211013
0.016049274207226516
0.016122957660456363
0.01617810429509393
0.016205618746695315
0.016146754118929154
0.015990385304313185
0.015825394091228556
0.015698045815105435
0.015519509388021538
0.015222698143448917
0.014903404386549855
0.0146935838526197
0.014608427753133911
0.014587167245703792
0.014581132077303603
0.014543267290901774
0.014408824978755294
0.014201541949419234
0.014083796300324582
0.014148680378298892
0.014349314785093614
0.01455299375924037
0.014629717568201955
0.014525026187105378
0.014245291172345003
0.013899137017598361
0.013655928029480383
0.013575664645840493
0.013633583898143965
0.013821613627252573
0.014078734853111053
0.014301232139875632
0.014424993220037707
0.014462745524220139
0.014487244623477467
0.01452159659201089
0.01451367357714825
0.01448129405408528
0.01450429543746968
0.014572937467279294
0.014638936654441359
0.014723987618076046
0.014870062289670596
0.015064581004380318
0.015262055762964005
0.015382384253654445
0.015350320372461344
0.015201448627994198
0.015047738209854443
0.014989267117610328
0.015057837807693026
0.015201746745637129
0.015376705263140169
0.015570985437165688
0.015744692234574083
0.015839052374836703
0.015821796920654416
0.01571730184046321
0.015545610593955166
0.015316021149918087
0.015080922355849328
0.014900043924273024
0.014794091394076888
0.014749643107850548
0.01474708997387979
0.014759306665977797
0.014751161770593605
0.014653991671793355
0.014387334363074902
0.013988446328005222
0.013622072975614399
0.013404009001190582
0.01331255152237543
0.013267616278123319
0.013224278575261964
0.013161019414614249
0.013062948951582026
0.012910227863163447
0.012711679704884833
0.012541091245295904
0.012476477515299506
0.012554474072912058
0.012731349045401135
0.0129032720923855
0.01299189186648459
0.01299882312723635
0.012983242993648041
0.01298197816436031
0.013021601043680065
0.013146378752604427
0.013382535047627252
0.01372720334650032
0.014133424429330601
0.014474171131702717
0.01460137579265529
0.014477248810663505
0.014210433473028678
0.013978024862381476
0.013927265705928062
0.014077569669922251
0.014285559765132164
0.014409340976929346
0.014407003946095804
0.014278653991649114
0.01405653417904431
0.013781360958461388
0.01348130496580805
0.013197947128990856
0.013020017681569606
0.013006001599408502
0.013095730842806259
0.013177027257332734
0.013162696874387219
0.013033685830317696
0.012854203249211566
0.01269907648886327
0.012591395675384502
0.012500748808259075
0.012351916591535846
0.012100567650828693
0.011774052435805642
0.011518201481788174
0.011453521749930381
0.01155339252572844
0.011714049432412556
0.011817349850906591
0.011782778486433585
0.011625902757180125
0.011437770276167745
0.011198037223755493
0.010873453391560785
0.010586186934493437
0.01041973069136796
0.010329397096474863
0.010252154241872756
0.010130768510005071
0.009954104101893253
0.009760945228313389
0.009577344196517656
0.009440346879590764
0.009348625248471845
0.009231995614393043
0.009059553925900748
0.008865171988849726
0.008680079343801907
0.008528006389407709
0.008423331196167321
0.008379396015329405
0.00837472219966198
0.008376255683627008
0.008362663571407985
0.008313263153306048
0.008235399692120006
0.008177762040326506
0.008175953049820942
0.008191413914002856
0.00809256521265885
0.007783514118565492
0.0073244068704421145
0.006830602717484885
0.006357656648744091
0.005919325929386326
0.005564004956239486
0.005333166582666382
0.005174520426654103
0.005016204680306639
0.004851278537908598
0.004665968108448623
0.004411899870646931
0.004091323751590458
0.003748533875685206
0.0034258076750736314
0.003094499484274208
0.0027119030865476058
0.0022654741061220044
0.0017590179874393225
0.0012154458560805347
0.0006662143065177124
0.00016946914317590532
-0.0001814685094077497
-0.0003816667453614837
-0.00050307927744645
-0.0006065028637478752
-0.0007372793109414355
-0.0009161762641453807
-0.0011075576237189635
-0.001291261175289713
-0.0014365626537924218
-0.001498951132827251
-0.0014678942115453832
-0.001391006511471941
-0.0013158272927248473
-0.0012152319451317023
-0.0010571238471735122
-0.0009692185469706451
-0.001101082856358116
-0.001387441896198791
-0.0016253566689030322
-0.0017126816927745586
-0.001688680313471354
-0.0016457055124940168
-0.0016525928844058708
-0.0017277580240731406
-0.0018289271846988742
-0.0019281729841795422
-0.002040775386580542
-0.0021885379179729233
-0.002341241008533558
-0.002420411858023935
-0.0023985324041952273
-0.0022927944147968426
-0.0021427784024723993
-0.0020051081831374594
-0.0018942519777769078
-0.0018135707002488821
-0.0017502747431730702
-0.001694040266554421
-0.0017065355379995944
-0.001851045343049312
-0.0020858850082260097
-0.002312954557683788
-0.0024936464757574807
-0.002665689907990698
-0.0028544799609974735
-0.003031466897821903
-0.0031627068238526544
-0.0032311458101384923
-0.003255295645337868
-0.0033193241928560547
-0.003474784215210431
-0.0036920891726928023
-0.003931727555372248
-0.004159312879663286
-0.004290606665448355
-0.004291024065949623
-0.004196794901839649
-0.004044225227468942
-0.0038825260203661084
-0.0037395948309467825
-0.0036300818152271543
-0.0036068069672970135
-0.0037025308003787627
-0.0038602114178565828
-0.003986462413758106
-0.004037200197586057
-0.0040131174931301574
-0.003944063581407262
-0.0038381946086557357
-0.0036792469679001786
-0.003525122585462809
-0.0034884013323584415
-0.0036240545386962805
-0.003883475744956623
-0.004160532223615347
-0.004408308009259988
-0.004650082149993292
-0.004924093727929629
-0.005224741131193401
-0.005473921489145665
-0.005589244255307247
-0.00559221418686146
-0.005554693988897441
-0.005456087026904965
-0.005260361730621993
-0.005048131781791533
-0.00495169067764752
-0.004983789664170276
-0.005032981328502698
-0.005009814301402801
-0.00495077518631703
-0.00499714497535867
-0.005220527464413255
-0.005521992777102004
-0.005752840689631003
-0.005819166460071233
-0.005713923266764478
-0.005539075896325914
-0.005433680152055891
-0.005509709788848643
-0.005802967448231688
-0.006237872834754888
-0.00669751981268182
-0.0071015616549473595
-0.007407004598962088
-0.007596587789774498
-0.007711225459976813
-0.007821562029275987
-0.007950456051897552
-0.00810196861342254
-0.00824410113432704
-0.00831049428118358
-0.008289724650305814
-0.008220672429837657
-0.008154822055622318
-0.008101128587141074
-0.008014282544755731
-0.00788640414515514
-0.007756140593197777
-0.007649539012365588
-0.007558867472881856
-0.007500671188294097
-0.007533051107866409
-0.007660899342022581
-0.007863017694709849
-0.008153773495535505
-0.008543312842583299
-0.008986150265846489
-0.009404979773266573
-0.009691511739943464
-0.009747425976900793
-0.009560154816383584
-0.009255334302569824
-0.009023175814963301
-0.008951570164053334
-0.00902027809394499
-0.009203859574720374
-0.009486630951852985
-0.009780391494310158
-0.009967631516172247
-0.010014408978972336
-0.009946654857538427
-0.009776007777571366
-0.009474149467343271
-0.009035596848979335
-0.008533957377725651
-0.008090662679972233
-0.00779846967917701
-0.007666261945699908
-0.007600569321137986
-0.007487904448508032
-0.0072903961358770615
-0.007104167238264403
-0.007064906638160387
-0.007151150695801854
-0.007254334634628557
-0.0072947504169504854
-0.007243462121491374
-0.0071463935485769035
-0.007016336678342897
-0.0068327968004819415
-0.006653029520149907
-0.006606675608805631
-0.0067391501636684765
-0.006944385325171337
-0.00705397128048464
-0.007002616517318994
-0.006872146450418813
-0.006806791869023171
-0.006933821816205004
-0.007222733222778673
-0.007494822316256797
-0.007597782269754451
-0.007545450522592809
-0.0074360879649559945
-0.0073280741524332366
-0.00728036076852918
-0.0073973796834423565
-0.007686000505609202
-0.007986546388957357
-0.00823295051968828
-0.008527784104995505
-0.008941890389087357
-0.009417506678499518
-0.009788563392172359
-0.00992568115490852
-0.009905913881819483
-0.00989315877165851
-0.009926667686631292
-0.009966158441147045
-0.010019033993149152
-0.010123968917540048
-0.010289708115346017
-0.010399432908344438
-0.010253467805748385
-0.009787406609002817
-0.00918064092637429
-0.008708349201069552
-0.008536331848600517
-0.008610568955783725
-0.00875947332567474
-0.008860610738665323
-0.008887700015078099
-0.008839225342959127
-0.008723372404283026
-0.008597339435172456
-0.008508728208891078
-0.00840352722059452
-0.008222321336769737
-0.00801268482589033
-0.007868957762403045
-0.007822553079853297
-0.007833421116260135
-0.007857193388990762
-0.007859218715494583
-0.00780598166369134
-0.007701705478037826
-0.0075937437764401075
-0.007520914256164384
-0.007513706050626681
-0.007560883818299164
-0.00758532129468266
-0.0075620809875255116
-0.007536543509214773
-0.007504576958341464
-0.0074183316176708956
-0.007301330013902226
-0.007254612703496508
-0.007361946176914316
-0.007611927748154291
-0.007934363700681842
-0.008278618732637811
-0.008566104918707334
-0.008725298670362529
-0.008791819447829028
-0.008904200620713548
-0.00914295699369036
-0.009431460616840802
-0.009648525720911273
-0.009719359664414088
-0.009644009035376811
-0.009506377404774788
-0.009401436275831083
-0.009354077330137274
-0.009344303156202867
-0.009348958569154752
-0.00938405581623642
-0.009507725365662517
-0.009738988734673578
-0.00997078059809225
-0.010051879884514602
-0.009903276435344702
-0.009550700748840719
-0.009139324340645875
-0.008816529385069011
-0.008653055441251346
-0.008629896219114887
-0.008688035771507594
-0.008782662143824829
-0.008863460438952695
-0.008875857601203914
-0.008830074944137891
-0.008761138615368555
-0.008638246134189715
-0.008432974260814869
-0.008207111325402403
-0.008047538862098066
-0.007991254716602132
-0.008021113376687653
-0.00806555097307261
-0.008064825462694186
-0.007980403080182904
-0.0078041396459166065
-0.007600393240263281
-0.007464297264578591
-0.0074084110461610795
-0.007319335639452245
-0.007130619413725233
-0.006850703849779445
-0.006517528768618386
-0.00623074453987454
-0.0060227568615587364
-0.005809556442946482
-0.005498786621481937
-0.005073754258768142
-0.004600934178684677
-0.004215161479191561
-0.004030406526584436
-0.003963241474645853
-0.00381003852430588
-0.0034369076488265453
-0.0028623024746098945
-0.0022064703736192812
-0.0016116764708533201
-0.0011437777023927983
-0.0007928878501730317
-0.0005556588645990579
-0.0004472067431038906
-0.000464881506532724
-0.0005199244674918765
-0.0005231968295614571
-0.0005097916930785511
-0.0005724856822338151
-0.0007383103432111969
-0.0009071524978503146
-0.0009706617728976162
-0.0009071444855906222
-0.0007249890858714714
-0.00046140235172547874
-0.0002056733527083377
-3.811713858854288e-05
1.662530463100603e-05
-3.4764716767341783e-05
-0.0001420349900844481
-0.0001815078680318956
-2.684471410368321e-05
0.0003451914307321761
0.0008542066417076958
0.0013747826929818097
0.001809477283116125
0.0021010303567507234
0.002210940431525891
0.0021398685323173188
0.0019560080921728856
0.0017487920764764
0.0016122916051008753
0.0015993509576742206
0.001670014865788023
0.001739787107092026
0.0017650766223177314
0.0017305554593675142
0.0016566903085707102
0.0016786316489767767
0.0018813251340264667
0.0022000733477817295
0.002532365696791367
0.002813581615320725
0.003029303623614755
0.0032084852908806335
0.0033661488898934625
0.003478348629237642
0.003554362236625165
0.003674941307517731
0.0038968229015839033
0.004201554927743562
0.0045379169822487705
0.004867883334468015
0.005172611754812046
0.005409332136374303
0.0055652790350569055
0.005743712020185089
0.006051464511313513
0.006439184930586742
0.006795662411344566
0.007056891733520515
0.0071687909014651625
0.007077756134612328
0.006836379520138644
0.006663232226161604
0.006735439347123224
0.007018753306346951
0.007348011273043706
0.007585397524424827
0.007679478110085923
0.007633129557043213
0.007480518881336553
0.007292761053330893
0.007109288777443411
0.006909173658800286
0.0067299648348841746
0.006611835648192211
0.0065910972098359236
0.006665204790716948
0.006825444419706485
0.007064089271400659
0.007284719597387669
0.00738824246681353
0.007397947510346058
0.0074015890118271956
0.007435645384394699
0.007497348214082151
0.007561606750963024
0.007620824717584382
0.00770599574563553
0.007834198303768575
0.008012356909175353
0.008220935606033517
0.008383210317297498
0.00843207213705101
0.00838873592449517
0.008352843575055391
0.008417273025362732
0.008593628644452083
0.008770829801900571
0.008793349482763531
0.008623003793820676
0.008363987704056717
0.00813716833523736
0.008031644615502593
0.008074724259832659
0.008219619192983937
0.00838271499575737
0.00847885185749289
0.008505406981411875
0.008523777524483472
0.008593007277185885
0.008729772267545238
0.00888821963941511
0.009019291484247184
0.009078445008678075
0.009004642317342217
0.00882357150007949
0.008664179239189948
0.008609497403368974
0.008611009101222264
0.008569805650895537
0.008472325803863413
0.00840406173757076
0.00840211857199451
0.008403511540360432
0.008352588930381622
0.008294017875834878
0.008329822778941875
0.008479399456449313
0.008710650455080092
0.009000050448840934
0.00931371175317644
0.009582568714186383
0.009713642128606061
0.0096918822080452
0.009575302043633008
0.009426698524901205
0.009307380611539504
0.009279117312848749
0.009383576500412822
0.009580430746500859
0.00976188234791048
0.009824489567954566
0.009752467967796035
0.009601259561978808
0.009440298213917765
0.009318066385227185
0.009213301875772833
0.009107654380653456
0.00904559540271255
0.009056763624916569
0.009136276009508207
0.009224522666518877
0.0092774974005051
0.009320388236755803
0.009360501995230155
0.009346006464930477
0.009250998968139227
0.009138525990588188
0.009076810906625462
0.009061465699132729
0.009072122907448138
0.009063425467057379
0.008982799692969697
0.008835691636870391
0.008640630987001977
0.008414979856729184
0.008200561988593504
0.00806821396858761
0.0080793651525378
0.008188538084576737
0.008273420002769238
0.008267200755290747
0.008205476754524736
0.008130995040241444
0.00805137781062965
0.007935537866192234
0.007751353751654204
0.007545854948851964
0.007356386126107881
0.007173797049794951
0.00700870997559967
0.006856197907047496
0.0066956164608923665
0.006530921261063538
0.0064183066237238386
0.0063874181360732115
0.006423458066167292
0.006498303859924264
0.0065294295987241265
0.006432606858813982
0.006209720176872679
0.005945800679091982
0.005716314934439231
0.005485631647843912
0.005216367715676697
0.0049649315975228685
0.004781163628379049
0.0046464884388311934
0.004496873688627354
0.004290507125642447
0.004063681944124111
0.00387944868393544
0.0037829916567725668
0.0038264413176239864
0.004030181582962768
0.004328511880711732
0.004612717257528691
0.004789994085338955
0.004884726897926573
0.00501334968422334
0.005186728135225308
0.005270427207787851
0.005152446815821755
0.0048195206111308056
0.00438533502607573
0.004012405362322978
0.0037507218574800243
0.0035471771517936053
0.0033452194915638564
0.0031481882824910103
0.002991414906472772
0.002897933649585835
0.0028864596478891873
0.0029340713027257896
0.0029634344656858766
0.0029475110789896684
0.0029242247263048453
0.0029030845917156003
0.002900971812912551
0.002957389824308873
0.0030644436922294136
0.003146485619426811
0.0031337396423759397
0.003055441804262617
0.002953995916178826
0.002830315755905657
0.0026532423531496815
0.0024088567432155846
0.0021298754214805074
0.0018176122345390803
0.0014915651865558385
0.0012170013645697564
0.0010516938604030882
0.0010261618721804082
0.0011410481985849278
0.001328513195051053
0.0014679329376693917
0.0015241903145538063
0.0015378835851527805
0.0015656092299907874
0.00167220757083419
0.0018467248424269315
0.002021785030063817
0.0021808290820513553
0.0023276540417670665
0.002463087860533434
0.0026388136190302856
0.0028811430213044513
0.0031022531458781183
0.0031993640825401107
0.0031280683933510864
0.0029303792397736422
0.0027117515044249654
0.0025974191895438026
0.00265404180605579
0.002806711002939858
0.0029351516681938765
0.0029603222258589457
0.0028488170040936703
0.002604931711756113
0.0022720301970798194
0.001897734891745902
0.00152329287253391
0.0012391494795519083
0.0011422185893260155
0.0012365297230348905
0.0014702111739813939
0.0017620155185663984
0.002015004062590351
0.0022124256533058396
0.002360035357150997
0.0024298514479244955
0.0024433902589945074
0.0024564863045022814
0.0025445265487971133
0.0027374294164196895
0.002955064194371153
0.003110432886770241
0.0031904749636143203
0.003205986783912352
0.003163048355394316
0.0030796369776613323
0.0029879421090031654
0.002928377481860347
0.0028908143967874256
0.0028245358402227707
0.002723644414385509
0.002666220039883496
0.002722173670717682
0.0028841683144659944
0.003146362821810209
0.003467110632087359
0.0037568302042257596
0.003949869748508752
0.004010657056780093
0.0038813323191227806
0.0035571144394550927
0.003182230859291146
0.002864578107924002
0.002558949860017639
0.0022054295590729824
0.001793589714387948
0.0013600225064298622
0.001005688094688007
0.0008263840932459752
0.0008452743991842878
0.0010087769596805972
0.0011922264030204356
0.0012946121695004455
0.001334831403731527
0.0014145513631983405
0.001621136399380605
0.0019380736283838096
0.0022681246868296386
0.002541232167783348
0.0027856352483772565
0.0030408295790046013
0.0032548058172925938
0.0033430970290184436
0.00329637286291208
0.0031945822072352234
0.0031346671314734435
0.003148154557165871
0.003180579682501389
0.0031236651207086933
0.002967308526900235
0.002840626464556341
0.002821935457676224
0.0028978707258925226
0.003051293722462331
0.003263167706540475
0.003492725580478615
0.0037389371626553388
0.003981280516668259
0.004068102700928832
0.003921017218140744
0.0036558420404571614
0.0033901438681297282
0.0031638538195904453
0.002973507499075974
0.0027972886894598674
0.0026433937670878307
0.0025467488193884943
0.0025088112823182657
0.0025209237995034717
0.0025739667392045873
0.0026473407472701704
0.0027142674302702246
0.0027367269170386226
0.0027265322851623814
0.00272765388273491
0.0027475517367179063
0.0027651259891901376
0.0028203341819981144
0.0030395460370697216
0.003473694369300865
0.003998154327269513
0.0044221065790836485
0.004635062030270207
0.004633297462662658
0.004483365965694427
0.004332611532087182
0.0043058646398603465
0.004386581437220799
0.004476821223367996
0.004512252042348556
0.004489996526181101
0.00443664740789588
0.004398520878734235
0.004376064004688092
0.004308615319382753
0.004197400234908117
0.004095108269960967
0.004026013540143244
0.004001778770057178
0.004029502537971147
0.004028623986782981
0.003861184790518947
0.003486990380157475
0.0030287759720370342
0.0026383451646438652
0.002327053453593121
0.0020862520060619325
0.001993194699123195
0.002076336912173805
0.0022836949795434934
0.0024744167955394083
0.0025317907053616644
0.002518443886050812
0.0025469649138872516
0.002595165950801881
0.0025701940749619013
0.0025045118450290347
0.002479596278353841
0.0025142642894683733
0.002599952841013768
0.0027163231276875503
0.0028348499844900385
0.0029300208906454235
0.002986739849758946
0.0029843182152504877
0.002881335412872025
0.0027021714805038613
0.0025450796114277947
0.0024653875178899704
0.002436900661710323
0.00240728722326398
0.0023732782128049177
0.002338536946453668
0.002301085478924217
0.0022654864357654803
0.0022657318357428777
0.0023285624053348878
0.002386301328308719
0.0023190436108311034
0.0020997337232708407
0.0017996532077887777
0.00152302125535493
0.0013588014764352263
0.001314920283914371
0.0012845345403680038
0.0011633216813554889
0.000937195515246548
0.0006814140564006366
0.0005117526545749009
0.0004490746296109527
0.0004215295537168749
0.0003477804615725803
0.00020976069696189819
5.737446757718939e-05
-6.804843082752654e-05
-0.00019719581236350594
-0.0004176821511896329
-0.000722736377914797
-0.0009934936956280452
-0.0011285499472040242
-0.0011427629899993137
-0.0011332033994537957
-0.0011654019240239996
-0.001244519982449659
-0.0013328778029796865
-0.0014157382119000673
-0.001541282548091935
-0.0017012676973742833
-0.0018378428334355382
-0.0019045602772332752
-0.0018809888723678332
-0.00177436282831607
-0.0016676675328001407
-0.0016289037625309547
-0.0016360863694001601
-0.0016398282488680606
-0.0016217336814438393
-0.0016324470940228062
-0.0017190375206829877
-0.0018988718952975883
-0.0022113860143598094
-0.002657625189149229
-0.0031468992886157414
-0.0035577738055220885
-0.0038010437049112236
-0.003873894946585893
-0.003860587418086968
-0.003871315668042223
-0.003975571437955472
-0.004163390076630926
-0.004402575148342677
-0.004670431880742309
-0.004948404514919742
-0.005251549849896429
-0.005611554387301832
-0.006016063036973178
-0.006387575861858946
-0.0066755255866834
-0.00693438912382379
-0.007167786308058662
-0.007318309691886419
-0.00740473458349937
-0.007445336619403702
-0.007469799052213882
-0.007509088965017124
-0.007577979709728074
-0.007693888473142747
-0.007863993764174005
-0.008087984749539668
-0.008377456494249706
-0.00870907754632269
-0.008982063513793494
-0.009105622213946736
-0.009068669428102933
-0.008969797665733454
-0.00892239498899464
-0.008998743711757677
-0.009226854606797924
-0.009566631174117912
-0.0099222651625824
-0.01021705890342371
-0.010453548676937444
-0.010642816930989537
-0.010791164931194745
-0.010933406011238368
-0.011091130736557549
-0.011237164722445084
-0.01131822502160158
-0.011335963553185318
-0.011345500599381888
-0.01140542599564333
-0.011530225511077824
-0.011698484453256927
-0.011894006238883047
-0.012123489578213156
-0.012403112053773268
-0.012734052041665373
-0.013082702266054447
-0.013405960748931996
-0.01365604842477778
-0.013829934996507
-0.013979382554662065
-0.01414028173888806
-0.014256707744503397
-0.014250867854065846
-0.014142478547118543
-0.014028328720747697
-0.014004039330050783
-0.01410402112984525
-0.014199959029551986
-0.01420982924473825
-0.014207602476077481
-0.014306183160315232
-0.014531465453528266
-0.014825878081568275
-0.015153228920067924
-0.015504355234738764
-0.015841047769919375
-0.016077886403460626
-0.01617896448585965
-0.01619591733073565
-0.01618468548535558
-0.01616548348585528
-0.016197886604245273
-0.016356000418332763
-0.016618849108579803
-0.01689592684164723
-0.017155317511693146
-0.017389521344966647
-0.017519964519196542
-0.01748652336130712
-0.017362566249757416
-0.017247668611897166
-0.0171776976429189
-0.017163178650866254
-0.017225109419800936
-0.01736475751382892
-0.017544825548874852
-0.01770869005473646
-0.01781486408055007
-0.017855566317453025
-0.017835869373255382
-0.017782419995953706
-0.017722178313981603
-0.017634779004326986
-0.017508085565333936
-0.01742830028492191
-0.01754291004557212
-0.017875313586109408
-0.018254907065821557
-0.018504328888562013
-0.018584114474995785
-0.018543085986132652
-0.018447587576084265
-0.01833003489816231
-0.018178012273458204
-0.017994699042772632
-0.01783584150269827
-0.017735146968692224
-0.01762025449976449
-0.017424758021778636
-0.017214270662703677
-0.01708377546172169
-0.01700312042164339
-0.016819855860543468
-0.01643970299371744
-0.015950776852501816
-0.01547983938508296
-0.015080391806032071
-0.014717246360095812
-0.014351975443003732
-0.014019951230281689
-0.013797227817080135
-0.013751866733301402
-0.013864605801363786
-0.014027513712162404
-0.014179862346373352
-0.014292931011969956
-0.014294766459830624
-0.014137595757183331
-0.013937079504113555
-0.013889994896667222
-0.01402990855871291
-0.014165074781175083
-0.01411458925002685
-0.013874838089711886
-0.01353645960752241
-0.01320389876580333
-0.012945358474610742
-0.012765457377762187
-0.012622591126918162
-0.012429259470563954
-0.01212350713985778
-0.011732135590614678
-0.011355443631017759
-0.01109040078034145
-0.010971203081305976
-0.010963514818314299
-0.011011329675923928
-0.01103480504480049
-0.010976651043619825
-0.010846971003999785
-0.010682617930898638
-0.010513321519946302
-0.01032788816237274
-0.010146439531213719
-0.010011099786251487
-0.009919868279385782
-0.009879036208097812
-0.009921471658349595
-0.010070631299906598
-0.010325731940096604
-0.010635495455444179
-0.010937048994731934
-0.011201343700429734
-0.011392233315285934
-0.011521343687246065
-0.011646722549312642
-0.011729423343771243
-0.011673322344511766
-0.01150021453965136
-0.011339259199342009
-0.011254067159860836
-0.011151156532846412
-0.010939656301601108
-0.010686618906255652
-0.010489614760144894
-0.010379902213913838
-0.010314343778460933
-0.010254680651366931
-0.010202592081352
-0.010148613430649035
-0.010037708270925592
-0.009854997167090658
-0.009651991123649848
-0.009496675450897666
-0.00940386061079433
-0.009323214985833347
-0.009228492866441168
-0.009119322758414103
-0.0090072937330907
-0.008893523289749815
-0.008729694188836136
-0.008453766370293584
-0.008048172482393113
-0.0075874820564007465
-0.007168154877564373
-0.006808187036283463
-0.006511372855395353
-0.006276427553778958
-0.006101770416163195
-0.006024972720832102
-0.00608080703552732
-0.00619526113105258
-0.006206754828947781
-0.006008255725589814
-0.0056795486620208335
-0.005450568085223998
-0.005474548184840921
-0.005705091958785139
-0.005952702265244005
-0.006134844508153173
-0.006287953044253161
-0.006450324835352286
-0.006578038430515146
-0.006607954450469148
-0.006570792313387955
-0.006544236326260617
-0.0066010711676255515
-0.006771435316587023
-0.007021996146220375
-0.007231772853551825
-0.007247874647469349
-0.0070146793667283215
-0.006632672594803743
-0.006238140940758859
-0.005888347604570446
-0.005560010275258539
-0.00520137486001826
-0.004832278106866082
-0.0045385730136939025
-0.004338592819417616
-0.004183548655124876
-0.004063338131106781
-0.0039949236340906785
-0.0039340210438940214
-0.003789636990156916
-0.003523853024889745
-0.0032071362431380173
-0.002963240505756164
-0.0028413141109846175
-0.00281081642131519
-0.00281073886880736
-0.0027694841209658025
-0.002663282803637816
-0.0025132262396620974
-0.002345424891434766
-0.0021943979699034872
-0.0021318183188060594
-0.002143337514151755
-0.0021501863699212283
-0.002122970892568973
-0.0020709341711636466
-0.0019942563282909676
-0.0019021908125890382
-0.0017961360777117533
-0.0016557643836741648
-0.0014848851674438134
-0.0012771804502986128
-0.0010080564584147099
-0.0006949771063277582
-0.0003871161392755376
-0.00010601946009877618
0.00018354208545220241
0.0005095399808144987
0.0008596200608273648
0.0012156122935242976
0.0015224970246715834
0.00169924198072962
0.0017761355582426486
0.0018754990789700149
0.0020180935273397312
0.00214051900452616
0.002212282039881715
0.0022615487704153872
0.002331517642035035
0.002398408846163106
0.0024039628757990894
0.0023966892007755676
0.0024822504036569114
0.0026751020281828328
0.002889237568986449
0.003051962770744533
0.0031933052963635414
0.003403927768189292
0.003715124350940325
0.004047802616619311
0.004359339645194948
0.004700136746783653
0.005070557134748188
0.00537848023135668
0.005543940424188539
0.005589504453799337
0.005603739425272709
0.005680400510940436
0.005857068343196582
0.006044262401120339
0.0061441187407658025
0.0061755958296369805
0.006184491171441974
0.00619794747134997
0.006255934754491517
0.006366089552713576
0.0064864954742518055
0.006559456189859317
0.006563148641888319
0.00653110512570216
0.006535878166665368
0.006670320982546657
0.006969907985391902
0.007337701395610987
0.00761637804994695
0.007743211273743949
0.007805744315749245
0.007939663566619527
0.008177092813727516
0.008432519315527468
0.008639063255373034
0.008796383582446833
0.008930724191960933
0.009028372476056881
0.009093603893424273
0.009185015642358284
0.009329816553531205
0.009477955154941969
0.00959451804555955
0.009646225539930706
0.009588505286012242
0.009497317669631633
0.009482945264756638
0.009547266710217548
0.009611212905226938
0.009596382629746764
0.009534020604655124
0.009542084333957535
0.009654602305832989
0.009809091189589777
0.009912636901164106
0.009895876427481187
0.00979562737941602
0.009702649312022757
0.009677724025254401
0.009779270085453685
0.010002593808594333
0.010247482269293739
0.010471269340080119
0.010654459266848007
0.010745408268278571
0.010730832180042036
0.010648138826102469
0.010566343366973612
0.010571103360777054
0.010654751814205759
0.010765427111697524
0.010844031616990496
0.010816542097660035
0.0107124535628396
0.010667290841866192
0.010734622344391678
0.01084235239012107
0.010963949466962143
0.01114147295054816
0.011390657909321835
0.011665937560550172
0.011869399480989844
0.01189169794917336
0.011684892724910786
0.011310998869670654
0.010920903138506268
0.01064952219408616
0.010549639701316555
0.010615891537316605
0.010783536539113797
0.010985463698621195
0.0112007712835437
0.011416036158544064
0.011619008487831652
0.011805805120601939
0.01197699716308382
0.012142473630597514
0.012312504388911306
0.012480616945046843
0.012633658177334951
0.012762943922804675
0.012821503308497479
0.012706970954779403
0.012379022698463195
0.01194551327807789
0.011591714451573623
0.011431284169795093
0.011466016141051834
0.011643105450423881
0.011836038595629247
0.011932506366718654
0.011936131917618598
0.01189875542160095
0.011856410916224977
0.01179267202029496
0.011717211713109956
0.0117133536668476
0.01185769041196711
0.01213750440898221
0.012482551987013207
0.012802886051295176
0.013052527534656626
0.013267167957419735
0.0134441706493915
0.013523676273260437
0.013494405564382033
0.01341090757220508
0.013349629648191617
0.013368031066515516
0.013442899231819766
0.013443736696235596
0.013285201080608983
0.013053876198709855
0.012890653375156973
0.012871046193555755
0.013005919049108283
0.013268823744151035
0.013628871551954596
0.014025983032649438
0.014382291983151002
0.014644005608429178
0.014769754256691508
0.014746379729962195
0.014631786475965166
0.014507169885070588
0.014421695878698794
0.014392319891924318
0.01438101662565758
0.014378975604416163
0.014402284070925007
0.014423395534760063
0.014394283889341209
0.014302610960802781
0.014164960482979837
0.01402765662243276
0.013906716615992472
0.013766198115588175
0.013604094125985925
0.01345906454432994
0.01336871840053589
0.013332523520669003
0.013305251821508522
0.01323516301586482
0.013117725976263633
0.013003618656603395
0.012897760955159843
0.012743312130202461
0.012502131009954615
0.012177297147530974
0.011779280806555504
0.01136360080528413
0.01101158521725887
0.01075500941004899
0.01054287799465942
0.010311054881837258
0.010050088898734483
0.009795280084506136
0.009617406441049373
0.00953995308990098
0.009539664397486427
0.00956832209400929
0.009547194180155812
0.009395190539722906
0.009089483159469367
0.008714352919168401
0.008390372454772
0.008150472836302323
0.007974820888150411
0.007852322135862951
0.007749118303618032
0.007629371473819337
0.007468187380874565
0.0072153203959534114
0.006899674676985895
0.006642011087542318
0.006494334790811459
0.006399027257744684
0.006250175849625723
0.006006062654679701
0.00576838729594177
0.00565052398210398
0.0056388104229222165
0.005684894035304904
0.005788427677999957
0.005910641824515423
0.005932277580120808
0.00577621974187134
0.005476813506906179
0.005131649969611007
0.004865917144181128
0.004718715753378211
0.004644385200968577
0.004570913101777412
0.004442251737547608
0.004227637918532801
0.003932577148627403
0.0036180520686685826
0.0033340275108115908
0.003141497034778208
0.0030728469871209624
0.0030499084979216584
0.0030087288903963704
0.002921284062968151
0.0028067280427466874
0.0027413341765542753
0.002769973742089981
0.0028786039068615355
0.00303380640594499
0.0031750677650024418
0.0033137961862446746
0.003526620424331771
0.00381467876726873
0.0040916506625923365
0.004287704038281084
0.004377832389773471
0.004385354586086463
0.00443346661207194
0.004658991763116945
0.00504360864410481
0.005440424125675181
0.005741858852707212
0.005969844824237147
0.0061823480803559145
0.006348395604735507
0.006402794388336342
0.006345791247535802
0.006260696577717568
0.006203804542224832
0.006148292507554146
0.006063353068761555
0.005935096181779598
0.005756684380385974
0.005553819796521907
0.005374794986139194
0.00522552297630998
0.005111135087447371
0.005044334412215113
0.004998460887271876
0.0049223969518439
0.0047691927668925315
0.004561240491229985
0.004410941156448748
0.004378710057368542
0.004450387630858287
0.00457854413900443
0.0046386951809298934
0.004522998936193403
0.004247997818314986
0.00390993040035002
0.003556913385818643
0.003204363984461523
0.0028523194860120326
0.002515579673081164
0.0022204981910324785
0.0019602334559632698
0.0017203520198411405
0.0015192072823991824
0.0013395404590061963
0.001182992833707783
0.0011027547406024505
0.0011148354845772963
0.0011949661527617362
0.0013190007935787388
0.0014490247077046155
0.0015148642573889234
0.0015195477879353474
0.0015570455692070341
0.0016572495279015848
0.001786461753265938
0.001992630379892526
0.002312566842658738
0.0026730518024710567
0.002954800978527984
0.003072624107635599
0.0030452553674481823
0.0030060632562583373
0.0030527042078260344
0.003161263430133579
0.003244343587047325
0.0032348907589255004
0.0030736884107049646
0.0026979324067623205
0.0022045185558177537
0.0017669318399691678
0.0014558293239050287
0.001268095518368078
0.0011590912983774687
0.0010886104822938258
0.001059362339470435
0.0010700639740928218
0.0010956983968707192
0.0011286633126377467
0.0011848717046466254
0.0012956598185488084
0.0014543966177383786
0.0015790799577680582
0.0016220982348736652
0.0016157958115628236
0.001547483908976915
0.0013760441608785692
0.001112125536872463
0.0008154884534140287
0.0005568905907818634
0.00034230638655080917
0.00016769348596245187
0.00010021089978912703
0.00015425610899477007
0.0002670493953429385
0.00034739955157675923
0.0003526444984812026
0.0003361265761498481
0.00034462983683630224
0.00035805542896514745
0.0003700079167181893
0.00042855177944373796
0.0005581651649278086
0.0006874674493383056
0.0006701024007146232
0.00043946323915200545
0.0001321268232278789
-8.267693825082329e-05
-0.00016546640364363622
-0.00014640034199783533
-7.85070305833657e-05
-6.842744816075345e-05
-0.00020602249655605527
-0.00043086928906840806
-0.0006076853820516738
-0.0006595023889170516
-0.0006232230566992707
-0.0006061726432260424
-0.0006432242188867867
-0.0006658800515892289
-0.0006452087024342424
-0.0006300765310329402
-0.0006409379981820942
-0.0006917049727583627
-0.000795584260318069
-0.0009366462494098516
-0.0011240101860470727
-0.001382114411853053
-0.0016849549494908232
-0.001971690012567852
-0.0021896288619295766
-0.0022574276056674487
-0.002097044953889522
-0.0017603462705050455
-0.0013950838838455647
-0.0011332423422346428
-0.0010598365343080494
-0.0011483935733427146
-0.001266935212416567
-0.0013090940619113998
-0.0012444988013458995
-0.0011228057278381734
-0.0009765472494249184
-0.0007702099739964284
-0.0004820011364722816
-0.00013328734821574213
0.00019452593974338058
0.0003956210364248299
0.0004094824731369316
0.0002935828848083232
0.00016813357363558166
4.6523605393999805e-05
-0.00010230514890969701
-0.0002913592953582756
-0.0005090259644415731
-0.0006997946794404948
-0.0008373482452857955
-0.0009578134001561224
-0.0010915596392601554
-0.0012135705065320493
-0.0012337017991463845
-0.0010875931236055448
-0.0008046911388579456
-0.0004929274000282846
-0.00025048775277375476
-0.00011080883680071271
-3.778476025976658e-05
3.1806703409445064e-05
9.82092940304136e-05
0.00015472856044996145
0.00024179893048735095
0.0003172893754077225
0.00030364442969425695
0.00020775912929977945
5.856181172731863e-05
-0.00017512180879888657
-0.00048476448866666155
-0.0007514881886823619
-0.0008804843447500048
-0.0008430347596317234
-0.0006474334470382547
-0.00038994923411222115
-0.00018056686531047898
-9.10145740775234e-05
-0.00017744613750010442
-0.0004283820561075136
-0.0007211110858908195
-0.0009385091624465969
-0.0010648967578077032
-0.0011484653123587487
-0.0012616111311376575
-0.0014417127046089191
-0.0016520085177548305
-0.0018400925536327405
-0.001990633859384218
-0.0021250062580930587
-0.0022475736125791243
-0.0023295582970180354
-0.0023637857989230312
-0.002364627714707043
-0.0023958433579192705
-0.002476798924099447
-0.0024649742588749926
-0.00225936935228974
-0.0019318131431649815
-0.001589713238931306
-0.001309854763553066
-0.0011539197295033878
-0.0011404778258009382
-0.0011961388632587286
-0.0012226398228392253
-0.0011756067343762432
-0.0010251202769474554
-0.00079303869993469
-0.000603088363500591
-0.0005438004789378751
-0.0005591012339491623
-0.0005358684098355033
-0.0004199179792810279
-0.0002736894966051789
-0.00019375215626169203
-0.00022509214614243182
-0.000328705004300774
-0.00042078709037863795
-0.0004434719585855605
-0.0003975374495399186
-0.00035500230075661247
-0.0003893813454740271
-0.0004745917319446365
-0.0005563268295684295
-0.0006465926383075339
-0.0007516179598682568
-0.0008126319913012499
-0.0007743167985481367
-0.0006511177928734563
-0.0005353447047280887
-0.0004765684427524975
-0.0004202351771979221
-0.00029182145132175774
-9.694917290525257e-05
8.75707213020997e-05
0.0002570726012097924
0.0004355489143842275
0.0005539313676909898
0.0005339435549029225
0.0003844837405850512
0.0002074747370955366
7.903475543611011e-05
1.918420121807274e-06
-1.545629006375192e-05
3.881094134506659e-05
0.00011557974260829076
0.00010933034549929794
-5.1376602452480376e-05
-0.0002969382357434234
-0.0004738295616933234
-0.0004883790113348834
-0.0003428720744822653
-0.00014134662119259005
2.7212675234553885e-05
0.00016105783409570934
0.00028669464807572155
0.00039249088881569976
0.00042061949985862076
0.0003222802687873368
9.934234503929908e-05
-0.00017512593758995358
-0.0004109640531992771
-0.0005411511255708788
-0.0005416560440122414
-0.00047229063314862673
-0.00041951395266642393
-0.00041101722193203266
-0.00040530516182681514
-0.00035478611597556016
-0.000275445744410763
-0.0002093901553060107
-0.000168358891617856
-0.00012107883460174544
-4.8758710349014395e-06
0.00018834296229834852
0.0003445011009937853
0.0003639771430264057
0.0002878836778893178
0.00014326378486768191
-0.0001192075008945191
-0.0004675510705001343
-0.0007789984823577504
-0.000998290002365909
-0.0011891872772629057
-0.0014418805763435564
-0.0017806815333377623
-0.0021215670180411983
-0.002390370263840908
-0.0025975565497913244
-0.0027535965594113194
-0.0027984124057416054
-0.002700909345149209
-0.0025422515486322153
-0.002436557853341332
-0.0024169894210996946
-0.0024127817566383944
-0.0023143376861072228
-0.0020578888917777752
-0.0016755844888355913
-0.001196567937959475
-0.0006349806566511523
-7.834030696422051e-05
0.0003758746257975604
0.0007169710809485073
0.0009851766275020533
0.0011781691790568789
0.001306879322041004
0.0013916366623110854
0.0014383452856709105
0.0014622770949562981
0.0015072036903860824
0.0016457808346648807
0.001893151511612836
0.002176307626610668
0.0023868218644364308
0.002434490945533051
0.0023221449236311216
0.002140624556782576
0.001973635089633945
0.0018384366541314143
0.0017206138892800914
0.0016023774527360154
0.0014901347434944801
0.0014560654849888888
0.0015825841326767187
0.0018592239331780946
0.0021885491848600506
0.0024411957943320027
0.002520332728003439
0.0024503944410255427
0.002351045616037139
0.0023083607444493075
0.0023515507708865907
0.0024668288895707087
0.0025795132363536258
0.002607375749703749
0.0025420170455940022
0.0024520617530619545
0.002440040097631297
0.0026164121344904295
0.003004700236311642
0.0034584839947326786
0.0037724361944092215
0.0037957018478611
0.0034955867374636637
0.0030432396460311094
0.0026549183047674717
0.002397504461653232
0.0022178622672424124
0.0020608558661727324
0.001888601540799078
0.0016880985969571281
0.0015082226191335604
0.001413584766848329
0.001370157216300834
0.0013058333388824607
0.0011853817748275956
0.0009649418621127604
0.0006517437543632004
0.0003735987737180542
0.00026635795806145135
0.00031917203565191783
0.0003894063324446498
0.00038288580408477486
0.00027682249783045213
0.00010852270117748961
1.1404330593887492e-05
0.00010809901023061961
0.0003727096733716106
0.0006273794739256398
0.00068314430913294
0.0004627648431918041
8.770789899170909e-06
-0.0005717195237712627
-0.0011471050049017355
-0.001600495818389733
-0.001875566691869345
-0.001991780842746746
-0.002021418063976474
-0.0020302440891983796
-0.002037621274926409
-0.002048619939865723
-0.0020744392078218803
-0.0020748508047670144
-0.0020114865685098146
-0.0019155848343187635
-0.0018240295453886982
-0.00178063357479879
-0.0018251284470755008
-0.001956051842051728
-0.0021711720660362722
-0.0024679232357568723
-0.0027414322679075566
-0.0028324708846526624
-0.0027255683388351473
-0.00255100900084253
-0.002421127719423587
-0.002401198811001836
-0.0025049459271817513
-0.0026817683921241653
-0.002844608093042137
-0.0028842834814828064
-0.002805493751283364
-0.0026927313678721636
-0.002612495109262805
-0.0026084880178538342
-0.0026626247174085693
-0.0027304947942594048
-0.0027683228596437365
-0.0027502701451209673
-0.0026871916476375888
-0.002600095152258727
-0.0025058094511419627
-0.002452161430744386
-0.002488603596544215
-0.002588235056195453
-0.0026656332389819633
-0.0026730752095668877
-0.002606188900558048
-0.0025131025877044616
-0.00253788615881952
-0.0028137807439883684
-0.003304721243418685
-0.0037955971244555604
-0.004108994055990793
-0.004185823629361212
-0.004073495637094506
-0.0038802306678265984
-0.003677667492512677
-0.0034287589877484703
-0.003078202404431471
-0.002680093920264571
-0.0023890511811450973
-0.0023385375910106713
-0.0024953912066744068
-0.0026933841655823673
-0.002802460481482191
-0.0028309726968357594
-0.002848457717873147
-0.0029326723189700594
-0.003081829829273213
-0.0032334184749120017
-0.0033270371504083534
-0.003295022584970442
-0.00314473126763014
-0.0029525552087912264
-0.002801123348345978
-0.0027335559760730886
-0.0027375765418746253
-0.002855430814505333
-0.003149086598744821
-0.0035270791787129874
-0.003799445987016471
-0.003875929883593573
-0.003823741925098147
-0.0037589579251973964
-0.0037357891255018955
-0.003768583885383218
-0.003859676175578953
-0.0039750903814571225
-0.004026507220968868
-0.003944050280983543
-0.0037626416109496344
-0.0035804025898811794
-0.003470841601130053
-0.0033989838666903457
-0.0033228108242933808
-0.0033026607748873693
-0.0033520977183505466
-0.003411601187394163
-0.003462429028836453
-0.003533218270949266
-0.0036509922706106372
-0.003828066150638895
-0.003984707361842627
-0.003994310154585511
-0.003862384082374825
-0.003679569220199991
-0.0035129366792442914
-0.0033871451487280293
-0.003305346798100902
-0.003294440014860429
-0.003353186598084652
-0.0034372256709586783
-0.0035558591217484965
-0.0037894291160605474
-0.0041265930147105665
-0.0044335160509325795
-0.004599156724647736
-0.004617048732212483
-0.004535792362196526
-0.004384647843687095
-0.00418214587793124
-0.003979981770516442
-0.003844657049653632
-0.003722352845025234
-0.003519044100341146
-0.0032751715691947494
-0.003037149288144738
-0.0027967370553423445
-0.0025849431168480106
-0.002460316476789179
-0.0024355347754064765
-0.0024533869965762418
-0.002421686685392435
-0.002316986707278071
-0.0021663891887563273
-0.0019396466770343402
-0.0016092660709034077
-0.0012376494640520196
-0.0009267768200228193
-0.0007502797604978607
-0.0007016062236336489
-0.0006586151073720832
-0.0005159109976962063
-0.0002749388440333299
-9.538417490626633e-07
0.0002464387632878699
0.0004813835524838269
0.0006538567959043539
0.0006333048124332788
0.0004629728971415704
0.00031359685037387686
0.00022311455281321651
7.730968979801919e-05
-0.00015567687350400103
-0.00037969928909626906
-0.0005151984850082335
-0.0005820626928180452
-0.0005901594205808843
-0.0005283610210237182
-0.000481753114357122
-0.000548900930664692
-0.0006875325300660912
-0.0007149399858550599
-0.000516297765010553
-0.00014790152981490032
0.00020567654146434758
0.0003992659511558448
0.0004154707795727001
0.0002726851140487907
3.8879563132265176e-05
-0.00014826774241222707
-0.00024632802092525147
-0.00029415717149091296
-0.00024367950234570663
-6.413193512324331e-05
0.00014046424991417543
0.0002664808696384163
0.00028199454772616546
0.0002487781078919651
0.00028195611058119186
0.0004270616331314093
0.0006487986904282477
0.0008819394645021992
0.0010630745246319863
0.001162914004172855
0.0012010255156937179
0.0012522534753577359
0.0013340300402428112
0.001391467244738413
0.0014111154480614693
0.0014366370903558996
0.0014713810125336637
0.0014694470890826775
0.0014074748432462757
0.001277799743656842
0.0010710981737267532
0.0008266027025632807
0.0006203388766696357
0.0004888324220615752
0.0004057247478818767
0.00035189099608056893
0.0002699120501527369
0.00011287866147425943
-7.007024201731622e-05
-0.00022177740190279773
-0.0002969243410596118
-0.000311207242264558
-0.00034988291762196456
-0.00043735232528411167
-0.0004839311705292071
-0.00042668046330041396
-0.0003532876977973044
-0.00036727099621910525
-0.0004139376593908405
-0.0003783958869659792
-0.00024992993248943254
-8.052909443141734e-05
0.00010803349113502534
0.00031843490117376087
0.0005564927199847528
0.0007866217546679225
0.0009688901663677051
0.0011322287710237946
0.0013154314779640895
0.001512843178149992
0.001684618884259227
0.0017631082664151985
0.0016685621396749302
0.0013735892892644344
0.0009319168674658768
0.00045958688945389004
9.726936320195677e-05
-0.00010124270131320008
-0.00021688673721442344
-0.00035239944388228893
-0.0004891499224134765
-0.0005083797826159007
-0.00035596189852332726
-8.541274879096534e-05
0.0001938342214722598
0.0003964760861869612
0.0005614549126280072
0.0007697789515422745
0.0010158803541898832
0.0012365522333222844
0.0013636342995564932
0.0013476207723085091
0.0011901770162483726
0.0009724815528433412
0.0008156657530887948
0.0007638868686718237
0.0008018125139969626
0.0008883811781963563
0.0009561004158798954
0.0009827902717374256
0.0010072786363085695
0.0010613340404310512
0.0011303401240531762
0.001222334901001087
0.001359111893577921
0.0015105482349530037
0.0016482978110574046
0.0017835531172671827
0.0019126708900651288
0.002019598478788127
0.0021062620118975062
0.002196268846109758
0.00232578355237622
0.0024939001338832455
0.002661053206805271
0.0028555336450992123
0.0031051745004589976
0.0033338251720534656
0.0034476677168502694
0.0034236332229630163
0.003337137775384133
0.0032311985788395477
0.0030897704400078383
0.0028713197727038005
0.0025483964079235388
0.0021914892746998337
0.001875597539478916
0.0016246231480041764
0.0014509299641497439
0.001350650044344788
0.0013038782372606589
0.0012969692135639576
0.001314944756003076
0.0013083607447160624
0.0012316738822363718
0.0010993890034168702
0.0009225268978048247
0.0006581044398763949
0.0003206962685945086
1.0825135350634867e-06
-0.00022583819737924995
-0.0003048104040338356
-0.00029009453478777463
-0.00029369936402741105
-0.0003645525580218368
-0.0004714202639095036
-0.0006022922357398043
-0.0007955087078627796
-0.0010394147745610405
-0.0012399585304642584
-0.0013453794675820918
-0.001423719586070454
-0.001540238126315324
-0.001678469760184989
-0.001819175073961486
-0.0019816202760571115
-0.002143165143643212
-0.002250778610113948
-0.0022979857644041058
-0.002299558766005971
-0.0022518301943043524
-0.00214059326798934
-0.001992601481033274
-0.0018478999543364923
-0.0017228661436717676
-0.0016739802658548254
-0.0018082681076057971
-0.0021189004255436528
-0.0024622850210766372
-0.002732711050905763
-0.0029026412130040433
-0.003017405543154747
-0.003162930734444584
-0.003344646237527909
-0.0035540187837620283
-0.003799656838358163
-0.004082688444251344
-0.004392007809195478
-0.004695242781473703
-0.004954470776911731
-0.005170192645647996
-0.005373051659812861
-0.005566503128745801
-0.005696104775363169
-0.005710167759023519
-0.005649045045893362
-0.005584497276933476
-0.005521651505220765
-0.005444722163895871
-0.005429097818291626
-0.005616272053254404
-0.0060054809914461445
-0.006386433510746062
-0.006596495988555632
-0.006638070849112164
-0.0065894745447363096
-0.006483811397588966
-0.006309990703749483
-0.006079745802750376
-0.005837052664214328
-0.005670601693876642
-0.005647561253413147
-0.005704465997844923
-0.0057341279829288645
-0.005716003380362341
-0.005662835426168055
-0.005568195844445334
-0.005440160897776342
-0.0052941175651266825
-0.005097277936666307
-0.004814313974718598
-0.004541990965752416
-0.004453050568769184
-0.004540167886981422
-0.004623330441847414
-0.004621936793055737
-0.0045820328883283065
-0.004520285797548457
-0.004387343804580386
-0.004169213497822719
-0.003925754420600324
-0.0037541510333570986
-0.003743377523976836
-0.003854849934279863
-0.004003657492501115
-0.004121851835084385
-0.004184306893458886
-0.004219085760300898
-0.0042615586676113
-0.00434561141348258
-0.004468314704255136
-0.004576709531031052
-0.004622805818451971
-0.004587743433142466
-0.004486768420510297
-0.004335685826390404
-0.004140097751785156
-0.003958744484860696
-0.003907213027284039
-0.004021309149023442
-0.004212416065800277
-0.004329187559207124
-0.004279143973877169
-0.004134781317294485
-0.004032873326467179
-0.004059542079823229
-0.004196408178517543
-0.004337637412778707
-0.004374627590808247
-0.0042878218848530925
-0.004101986971762518
-0.0038393347911169517
-0.0035504134521529705
-0.0033054081452857905
-0.003179708331257604
-0.0032336891574502617
-0.003418103086718434
-0.0035758039677202045
-0.00362655110174834
-0.0036494060745600517
-0.0037697540172978708
-0.004041788255404447
-0.004428909995281694
-0.004835515752437892
-0.005140441721027329
-0.005258431943507505
-0.005166173784498513
-0.004862479610187313
-0.004417495023619666
-0.004013569805690009
-0.0037728345832283086
-0.0036638536067382225
-0.003603057220567227
-0.003539539757136586
-0.003468829791763834
-0.0033630095002655388
-0.0031576332740178214
-0.0028924671155929494
-0.0026777595891222432
-0.0025477219733090143
-0.0024661480546540777
-0.0023721291722264767
-0.002244696230208828
-0.0021292526399524915
-0.0020643392863416744
-0.0020519945138618044
-0.0020738778847505576
-0.002123469148460956
-0.0022193015626296737
-0.002340663678948608
-0.0024530632532806444
-0.0025448075706449792
-0.002593574953672746
-0.0025315662331296244
-0.0022908514661855004
-0.0018895091324789102
-0.0014383359517884428
-0.0010790023159768336
-0.0008777089104083493
-0.000875492022853444
-0.001085902638433861
-0.0013759021150486972
-0.0015543754415200583
-0.0015530407559873937
-0.0014577674842861526
-0.001351889048254455
-0.0012503181808435789
-0.0011597489518728281
-0.0010981781607663854
-0.0011205521611839927
-0.001252562550566984
-0.0014100981032543099
-0.0015129950860379333
-0.0015584981877001958
-0.001500208304415019
-0.0012951403567543326
-0.0010056152121965716
-0.0007111863411124131
-0.0005134620144078716
-0.0005031766075006043
-0.0006162809116916978
-0.0006972219160712226
-0.0006886589621091269
-0.0006291163235979874
-0.000574069472932167
-0.000565607926763761
-0.0005317459401228226
-0.0003604137301628574
-7.560180644808238e-05
0.00021034883613772054
0.00045275066352160076
0.000667993033325992
0.0008800519318258864
0.0010872738287454266
0.0012395211874360996
0.0013003746790058678
0.0013091759083135378
0.0013399457905404972
0.0014354541983781631
0.0015657159392186296
0.001646929769233025
0.0016220806213890456
0.0014870987691797256
0.0012847082363075144
0.0010646969209729224
0.0008273616999399942
0.0005812295491346164
0.0003967887592645279
0.0003530438495844328
0.00044897544568963
0.000608910880720384
0.0007809551780421327
0.0009248055207599104
0.0010071141226408152
0.0010480795062846825
0.0010429322024014883
0.0009906258224114052
0.000995058433098873
0.0011762995002650998
0.0015286757699301161
0.001864860666969524
0.0019297039813120473
0.0016953680110465283
0.0013393286838293977
0.001021723860693781
0.000816599572987195
0.0007112246072793999
0.0006886427536155859
0.0007226538603429054
0.000769176837165306
0.0008279106002118136
0.0009448141107690704
0.0011323667902994757
0.0013242919004937104
0.0014270300938037598
0.001448710765822056
0.0015081930227432653
0.001688360925020036
0.001928526862279487
0.002086269812806371
0.002038061903713702
0.0017947607018583048
0.0015529640642721351
0.001518393168753965
0.0017135487919756618
0.0020200462419205987
0.002292690241283312
0.00242049342885956
0.0024148745225159025
0.0023437227281289537
0.0021989219018035324
0.001984912800146478
0.001772707513347195
0.0016455126602268708
0.0016301788126559965
0.0016602185242945882
0.0016162275854063202
0.0014444015305911597
0.001192014735955859
0.0009474830608909136
0.0007791731752758149
0.0007020787660789003
0.0006766875110639886
0.0006450528394894032
0.0005760295372453185
0.0004923459510001696
0.0004033403675348816
0.00027826782349207684
0.00012822942422995896
6.293131974813191e-05
9.035072665210928e-05
5.043687844850478e-05
-0.0001522622973486148
-0.0004386336543677802
-0.0006873911924928565
-0.0008144467721526327
-0.0007879371612596046
-0.0006836378413632856
-0.0006409891564014362
-0.0007534504162883027
-0.0009685093923076646
-0.0011526623357091196
-0.00121679874310912
-0.001178276528784984
-0.0011076088050983122
-0.0010619018083601558
-0.0010571364167711787
-0.0010579012473544917
-0.001062617919764364
-0.001109830474824575
-0.0012308076510938897
-0.0014466761506391173
-0.0017324060508101338
-0.0019704933737959155
-0.0020378362435999994
-0.0019450837592389918
-0.0017458509575301914
-0.0014658587796034194
-0.0012239998755796183
-0.0011482447552863143
-0.0012166558240484045
-0.0012789852002095684
-0.0012397677613289568
-0.0010979534990482691
-0.0008833562805688366
-0.0006372640348843593
-0.0004057948868790454
-0.00027241654652559034
-0.00031590413834194667
-0.0005199151297292426
-0.0007447459388517403
-0.000837659715753495
-0.0008057122156183091
-0.0007519000264967728
-0.0007140526794873739
-0.0006513818884694819
-0.0005223332285203006
-0.00034134055843768296
-0.00011835626686110567
0.000122762456754831
0.0003230362388893171
0.00047640301496492814
0.0005962431988098039
0.0006279961597952609
0.0005658494046141979
0.000538810479784281
0.00060531609129581
0.0006884074984812712
0.0007366443111381855
0.0007347787699223484
0.0006236061732814843
0.000353373304272009
-1.3588902669209473e-05
-0.0003664026335842896
-0.0006383092451909459
-0.0008113269311215343
-0.000905402225365394
-0.0009959449669939933
-0.0011505341253111134
-0.0013547537774704214
-0.0015498475159560043
-0.0016919694485192157
-0.0017669050322225998
-0.0017574618443851587
-0.001610832883255684
-0.0013690937528441113
-0.0011767733213822256
-0.0010692916791051593
-0.0009565779361792497
-0.0007884173943180952
-0.000638868728368506
-0.0006023083459078707
-0.0006758675879831961
-0.0008114107107675178
-0.000950028453947329
-0.0010298819270807625
-0.0010400593798899325
-0.0009930835535553774
-0.0009330365655858278
-0.0009263644774392208
-0.0009941951439972497
-0.0011448817238476907
-0.0013446743985938176
-0.0014922482223797891
-0.001494541743311234
-0.0013708295989389868
-0.0012284484267905268
-0.0011549522320155599
-0.0011458425065650002
-0.0011427425691466699
-0.0011097109905807295
-0.0010137324442891487
-0.0008760613274474883
-0.0007576019422742284
-0.0006636851807436841
-0.0005871900613501943
-0.0005292974615598708
-0.0005275954446278323
-0.0006182148242707591
-0.0007372928597354337
-0.000762992111692671
-0.000644821983056705
-0.0004678144878017899
-0.0003713923965670618
-0.00043929160802661866
-0.0006556804754243603
-0.0009013685742862962
-0.0010017779767515003
-0.0009213091278714435
-0.0007806878977154404
-0.0006932844984379776
-0.0007022933950701039
-0.0007706955501794449
-0.0008544515488811873
-0.00094807871824446
-0.0010333519777348274
-0.001122527844967004
-0.0012467656902148553
-0.0014097297070378247
-0.0015901999537357488
-0.001779185227793061
-0.0019936935653434695
-0.0021885271390400755
-0.0022967159461950936
-0.0023063173541979934
-0.00222647358754408
-0.0020596913928484536
-0.0018371249515563152
-0.001663609371318949
-0.0016723229953217846
-0.001857746951867767
-0.0020615042817215346
-0.0021806500847553725
-0.0021743126980293646
-0.0020520151214942664
-0.0019093265267004387
-0.0018331032623340152
-0.0018144305862570693
-0.0017772711606971671
-0.001641335130961936
-0.0013708732669921889
-0.0010170129639626368
-0.0007145394464034015
-0.0005514063709892873
-0.0004738114776273479
-0.00041354305417905186
-0.0003529229681033749
-0.0002566644580734301
-0.00011183858477901838
6.075394553323115e-05
0.0002051852461832449
0.00026855122844895453
0.00027082255837197815
0.0001976154507563601
3.662573094815626e-05
-0.00015707846442397552
-0.00028153741540642735
-0.0002550002610000325
-0.00012370017743176348
9.862726688054588e-06
7.938165912102382e-05
9.762437309657357e-05
9.095406637028386e-05
5.2905911826577116e-05
-8.918714368237431e-06
-7.17346152306853e-05
-0.00010204317919415783
-8.64828500672368e-05
-5.90562852121798e-05
-6.51740746292441e-05
-8.177086595519875e-05
-2.675193368436331e-05
0.00015002958635805053
0.0004232179240712693
0.0007089046191921048
0.0009691245206060102
0.0012331219567828806
0.0014914078277670432
0.0016706869890561792
0.0016848734677611318
0.0015089349894121934
0.0012313544373802317
0.0010174939364928817
0.0010070587850648698
0.001193001598937448
0.0014169314303292518
0.0015774765204399108
0.0017144878949065512
0.0019441669756557207
0.002344853456826503
0.002835496984698525
0.003256886032309241
0.0035271613585376596
0.0036835526800099816
0.0038402011683972732
0.004080694921049848
0.004380659568181378
0.004631554469958457
0.004780226104543595
0.004857934325143014
0.00491132963517454
0.004979347021418467
0.005079835958392312
0.005238843203624835
0.005443399383265064
0.005612632177907026
0.005717296027090715
0.00581144379655685
0.005917614058243726
0.005956117776830646
0.005877648919424372
0.005786558262359806
0.005757893397682594
0.005762814937030697
0.005782007384016597
0.005778622323592448
0.005728144510085273
0.0056573544504649595
0.005588226704854648
0.005502165145018536
0.005369617702577863
0.005245171946382136
0.0051713887556981645
0.00510696302916697
0.005015727762169247
0.004922221628080544
0.004891793344225477
0.0048951880077141375
0.004844876506578845
0.004766986541441887
0.004798338029901423
0.004980614729808789
0.0052037581535671245
0.005307927135680435
0.005227863032660541
0.005048045217439052
0.004876599039331138
0.004785421199090444
0.004801144182753042
0.004895268813660665
0.00500946963315408
0.005095933648716766
0.005144614843042974
0.005134846988365792
0.0050654063260876835
0.005007572621435936
0.00499294361861845
0.0049907543199277996
0.004927403258085152
0.00474817775260085
0.004477118585576633
0.004159019147309233
0.003857526724811162
0.0036403951765439082
0.003517458391511564
0.003456258977483996
0.003375499783401961
0.0032031381666550833
0.0029462866995826694
0.002728898764199217
0.0027023899417361083
0.002873813747312929
0.003128800143571926
0.003316930516762803
0.0033601071066078894
0.0032627023769507216
0.0030933995221671395
0.0029993096097974056
0.003077291444702037
0.003284493294546006
0.0035022467922949077
0.0036367791592221044
0.0036675927285002435
0.003567970144695585
0.003265699498082512
0.002802025471936511
0.002397954161897247
0.002197573034919271
0.0021213066519574363
0.00208537602332552
0.0021127159414209323
0.002225617439341249
0.0023605979837085828
0.002476347477106759
0.002640170190648122
0.002954429034913659
0.003351346761632459
0.0036703465539835913
0.003808367747204594
0.0038281407814660944
0.003864584785753906
0.003969014630697345
0.004091240455089829
0.0042094696740520585
0.004282698869127248
0.004293969371873441
0.004223384840976833
0.004010052549142757
0.003642202716370243
0.003213569910182858
0.0028742335976764746
0.0027274259663545436
0.002785521032562852
0.0029612581230424764
0.0030734390610808256
0.0029837301654776077
0.002726428708757189
0.0024287107397567734
0.002175565733671738
0.0020036618510727838
0.001910893361970392
0.0018440492771420439
0.00173846566642988
0.00161055549570144
0.0015782183787612758
0.0017158222927042591
0.0019642976678294097
0.002219732773308824
0.0024166880907949243
0.002520475684985199
0.002530027082998515
0.0025097857510157644
0.0025671860648791025
0.00273627782614094
0.0029064311730895485
0.002934262666476896
0.0027407763441964373
0.002348639940385646
0.0019212453207953723
0.0016693526166575007
0.0016445205619374113
0.0016893039969968374
0.001633898891440509
0.0014331197117014647
0.0011607056116326212
0.0009089741448948842
0.0007127566161228084
0.0005806400352445378
0.00047431611786968197
0.0003492551222143673
0.0002652777272216737
0.00028331478745938297
0.00037423670552833856
0.00048344690042672434
0.0005485340058781561
0.0005535234655413878
0.0005561398020641478
0.0005774097340030775
0.0006322855569870863
0.0007486527877735437
0.0008959096978224303
0.000993059926153825
0.0009810284426127528
0.0009193759716491134
0.0008972986329582904
0.0009177687751207293
0.0009508606910553699
0.0009884092925430586
0.0010361468043603205
0.0011055035167195028
0.0011602613984200007
0.0011455784121007068
0.001066369027946366
0.0009744997092509705
0.0009177225378314176
0.0008823690211373149
0.0008118751303169869
0.0006727902487223271
0.0005072237581866589
0.00041822725196356017
0.00044821240000137693
0.0005536078264046288
0.0007029855777707799
0.0008496205971924095
0.000914174629255327
0.0008785769005750627
0.0007818029356920366
0.0006728536350257795
0.0005779208105654877
